2256,1,1994,29/03/2025,2.00
2256,2,1994,29/03/2025,2.00
2256,3,1994,29/03/2025,2.00
2256,4,1994,29/03/2025,2.00
2256,5,1994,29/03/2025,2.00
2256,6,1994,29/03/2025,2.00
2256,7,1994,29/03/2025,2.00
2256,9,1994,29/03/2025,2.00
2256,10,1994,29/03/2025,2.00
2256,11,1994,29/03/2025,2.00
2256,1,1995,29/03/2025,2.00
2256,2,1995,29/03/2025,2.00
2256,3,1995,29/03/2025,2.00
2256,4,1995,29/03/2025,2.00
2256,5,1995,29/03/2025,2.00
2256,6,1995,29/03/2025,2.00
2256,7,1995,29/03/2025,2.00
2256,8,1995,29/03/2025,2.00
2256,9,1995,29/03/2025,2.00
2256,10,1995,29/03/2025,2.00
2256,11,1995,29/03/2025,2.00
2256,12,1995,29/03/2025,2.00
2256,1,1996,29/03/2025,2.00
2256,2,1996,29/03/2025,2.00
2256,3,1996,29/03/2025,2.00
2256,4,1996,29/03/2025,2.00
2256,5,1996,29/03/2025,2.00
2256,6,1996,29/03/2025,2.00
2256,7,1996,29/03/2025,2.00
2256,8,1996,29/03/2025,2.00
2256,9,1996,29/03/2025,2.00
2256,10,1996,29/03/2025,2.00
2256,11,1996,29/03/2025,2.00
2256,12,1996,29/03/2025,2.00
2256,1,1997,29/03/2025,2.00
2256,2,1997,29/03/2025,2.00
2256,3,1997,29/03/2025,2.00
2256,4,1997,29/03/2025,2.00
2256,5,1997,29/03/2025,2.00
2256,6,1997,29/03/2025,2.00
2256,7,1997,29/03/2025,2.00
2256,8,1997,29/03/2025,2.00
2256,9,1997,29/03/2025,2.00
2256,10,1997,29/03/2025,2.00
2256,11,1997,29/03/2025,2.00
2256,12,1997,29/03/2025,2.00
2256,1,1998,29/03/2025,2.00
2256,2,1998,29/03/2025,2.00
2256,3,1998,29/03/2025,2.00
2256,4,1998,29/03/2025,2.00
2256,5,1998,29/03/2025,2.00
2256,6,1998,29/03/2025,2.00
2256,7,1998,29/03/2025,2.00
2256,8,1998,29/03/2025,2.00
2256,9,1998,29/03/2025,2.00
2256,10,1998,29/03/2025,2.00
2256,11,1998,29/03/2025,2.00
2256,12,1998,29/03/2025,2.00
2256,1,1999,29/03/2025,2.00
2256,2,1999,29/03/2025,2.00
2256,3,1999,29/03/2025,2.00
2256,4,1999,29/03/2025,2.00
2256,5,1999,29/03/2025,2.00
2256,6,1999,29/03/2025,2.00
2256,7,1999,29/03/2025,2.00
2256,8,1999,29/03/2025,2.00
2256,9,1999,29/03/2025,2.00
2256,10,1999,29/03/2025,2.00
2256,11,1999,29/03/2025,2.00
2256,12,1999,29/03/2025,2.00
2256,1,2000,29/03/2025,2.00
2256,2,2000,29/03/2025,2.00
2256,3,2000,29/03/2025,2.00
2256,4,2000,29/03/2025,2.00
2256,5,2000,29/03/2025,2.00
2256,6,2000,29/03/2025,2.00
2256,7,2000,29/03/2025,2.00
2256,8,2000,29/03/2025,2.00
2256,9,2000,29/03/2025,2.00
2256,10,2000,29/03/2025,2.00
2256,11,2000,29/03/2025,2.00
2256,12,2000,29/03/2025,2.00
2256,1,2001,29/03/2025,2.00
2256,2,2001,29/03/2025,2.00
2256,3,2001,29/03/2025,2.00
2256,4,2001,29/03/2025,2.00
2256,5,2001,29/03/2025,2.00
2256,6,2001,29/03/2025,2.00
2256,7,2001,29/03/2025,2.00
2256,8,2001,29/03/2025,2.00
2256,9,2001,29/03/2025,2.00
2256,10,2001,29/03/2025,2.00
2256,11,2001,29/03/2025,2.00
2256,12,2001,29/03/2025,2.00
2256,1,2002,29/03/2025,2.00
2256,3,2002,29/03/2025,2.00
2256,4,2002,29/03/2025,2.00
2256,5,2002,29/03/2025,2.00
2256,6,2002,29/03/2025,2.00
2256,7,2002,29/03/2025,2.00
2256,8,2002,29/03/2025,2.00
2256,9,2002,29/03/2025,2.00
2256,10,2002,29/03/2025,2.00
2256,11,2002,29/03/2025,2.00
2256,12,2002,29/03/2025,2.00
2256,2,2002,29/03/2025,2.00
2256,1,2003,29/03/2025,2.00
2256,3,2003,29/03/2025,2.00
2256,4,2003,29/03/2025,2.00
2256,5,2003,29/03/2025,2.00
2256,6,2003,29/03/2025,2.00
2256,7,2003,29/03/2025,2.00
2256,8,2003,29/03/2025,2.00
2256,9,2003,29/03/2025,2.00
2256,10,2003,29/03/2025,2.00
2256,11,2003,29/03/2025,2.00
2256,12,2003,29/03/2025,2.00
2256,2,2003,29/03/2025,2.00
2256,1,2004,29/03/2025,2.00
2256,2,2004,29/03/2025,2.00
2256,3,2004,29/03/2025,2.00
2256,4,2004,29/03/2025,2.00
2256,5,2004,29/03/2025,2.00
2256,6,2004,29/03/2025,2.00
2256,7,2004,29/03/2025,2.00
2256,8,2004,29/03/2025,2.00
2256,9,2004,29/03/2025,2.00
2256,10,2004,29/03/2025,2.00
2256,11,2004,29/03/2025,2.00
2256,12,2004,29/03/2025,2.00
2256,1,2005,29/03/2025,3.00
2256,2,2005,29/03/2025,3.00
2256,3,2005,29/03/2025,3.00
2256,4,2005,29/03/2025,3.00
2256,5,2005,29/03/2025,3.00
2256,6,2005,29/03/2025,3.00
2256,7,2005,29/03/2025,3.00
2256,8,2005,29/03/2025,3.00
2256,9,2005,29/03/2025,3.00
2256,10,2005,29/03/2025,3.00
2256,11,2005,29/03/2025,3.00
2256,12,2005,29/03/2025,3.00
2256,1,2006,29/03/2025,3.00
2256,2,2006,29/03/2025,3.00
2256,3,2006,29/03/2025,3.00
2256,4,2006,29/03/2025,3.00
2256,5,2006,29/03/2025,3.00
2256,6,2006,29/03/2025,3.00
2256,7,2006,29/03/2025,3.00
2256,8,2006,29/03/2025,3.00
2256,9,2006,29/03/2025,3.00
2256,10,2006,29/03/2025,3.00
2256,11,2006,29/03/2025,3.00
2256,12,2006,29/03/2025,3.00
2256,1,2007,29/03/2025,3.00
2256,3,2007,29/03/2025,3.00
2256,4,2007,29/03/2025,3.00
2256,5,2007,29/03/2025,3.00
2256,6,2007,29/03/2025,3.00
2256,7,2007,29/03/2025,3.00
2256,8,2007,29/03/2025,3.00
2256,9,2007,29/03/2025,3.00
2256,10,2007,29/03/2025,3.00
2256,11,2007,29/03/2025,3.00
2256,12,2007,29/03/2025,3.00
2256,1,2008,29/03/2025,3.00
2256,2,2008,29/03/2025,3.00
2256,3,2008,29/03/2025,3.00
2256,4,2008,29/03/2025,3.00
2256,7,2008,29/03/2025,3.00
2256,5,2008,29/03/2025,3.00
2256,6,2008,29/03/2025,3.00
2256,2,2007,29/03/2025,3.00
2256,9,2008,29/03/2025,3.00
2256,8,2008,29/03/2025,3.00
2256,10,2008,29/03/2025,3.00
2256,11,2008,29/03/2025,3.00
2256,12,2008,29/03/2025,3.00
2256,1,2009,29/03/2025,4.00
2256,2,2009,29/03/2025,4.00
2256,3,2009,29/03/2025,4.00
2256,4,2009,29/03/2025,4.00
2256,5,2009,29/03/2025,4.00
2256,6,2009,29/03/2025,4.00
2256,7,2009,29/03/2025,4.00
2256,8,2009,29/03/2025,4.00
2256,9,2009,29/03/2025,4.00
2256,10,2009,29/03/2025,4.00
2256,11,2009,29/03/2025,4.00
2256,12,2009,29/03/2025,4.00
2256,1,2010,29/03/2025,5.00
2256,2,2010,29/03/2025,5.00
2256,3,2010,29/03/2025,5.00
2256,4,2010,29/03/2025,5.00
2256,5,2010,29/03/2025,5.00
2256,6,2010,29/03/2025,5.00
2256,7,2010,29/03/2025,5.00
2256,8,2010,29/03/2025,5.00
2256,9,2010,29/03/2025,5.00
2256,10,2010,29/03/2025,5.00
2256,11,2010,29/03/2025,5.00
2256,12,2010,29/03/2025,5.00
2256,1,2011,29/03/2025,5.00
2256,2,2011,29/03/2025,5.00
2256,3,2011,29/03/2025,5.00
2256,4,2011,29/03/2025,5.00
2256,5,2011,29/03/2025,5.00
2256,6,2011,29/03/2025,5.00
2256,7,2011,29/03/2025,5.00
2256,8,2011,29/03/2025,5.00
2256,9,2011,29/03/2025,5.00
2256,10,2011,29/03/2025,5.00
2256,11,2011,29/03/2025,5.00
2256,12,2011,29/03/2025,5.00
2256,1,2012,29/03/2025,5.00
2256,2,2012,29/03/2025,5.00
2256,3,2012,29/03/2025,5.00
2256,4,2012,29/03/2025,5.00
2256,5,2012,29/03/2025,5.00
2256,6,2012,29/03/2025,5.00
2256,7,2012,29/03/2025,5.00
2256,8,2012,29/03/2025,5.00
2256,9,2012,29/03/2025,5.00
2256,10,2012,29/03/2025,5.00
2256,11,2012,29/03/2025,5.00
2256,12,2012,29/03/2025,5.00
2256,1,2013,29/03/2025,5.00
2256,2,2013,29/03/2025,5.00
2256,3,2013,29/03/2025,5.00
2256,4,2013,29/03/2025,5.00
2256,5,2013,29/03/2025,5.00
2256,6,2013,29/03/2025,5.00
2256,7,2013,29/03/2025,5.00
2256,8,2013,29/03/2025,5.00
2256,9,2013,29/03/2025,5.00
2256,10,2013,29/03/2025,5.00
2256,11,2013,29/03/2025,5.00
2256,12,2013,29/03/2025,5.00
2256,1,2014,29/03/2025,5.00
2256,2,2014,29/03/2025,5.00
2256,3,2014,29/03/2025,5.00
2256,4,2014,29/03/2025,5.00
2256,5,2014,29/03/2025,5.00
2256,6,2014,29/03/2025,5.00
2256,7,2014,29/03/2025,5.00
2256,8,2014,29/03/2025,5.00
2256,9,2014,29/03/2025,5.00
2256,10,2014,29/03/2025,5.00
2256,11,2014,29/03/2025,5.00
2256,12,2014,29/03/2025,5.00
2256,1,2015,29/03/2025,10.00
2256,2,2015,29/03/2025,10.00
2256,3,2015,29/03/2025,10.00
2256,4,2015,29/03/2025,10.00
2256,5,2015,29/03/2025,10.00
2256,6,2015,29/03/2025,10.00
2256,7,2015,29/03/2025,10.00
2256,8,2015,29/03/2025,10.00
2256,9,2015,29/03/2025,10.00
2256,10,2015,29/03/2025,10.00
2256,11,2015,29/03/2025,10.00
2256,12,2015,29/03/2025,10.00
2256,1,2016,29/03/2025,10.00
2256,2,2016,29/03/2025,10.00
2256,3,2016,29/03/2025,10.00
2256,4,2016,29/03/2025,10.00
2256,5,2016,29/03/2025,10.00
2256,6,2016,29/03/2025,10.00
2256,7,2016,29/03/2025,10.00
2256,8,2016,29/03/2025,10.00
2256,9,2016,29/03/2025,10.00
2256,10,2016,29/03/2025,10.00
2256,11,2016,29/03/2025,10.00
2256,12,2016,29/03/2025,10.00
2256,1,2017,29/03/2025,10.00
2256,2,2017,29/03/2025,10.00
2256,3,2017,29/03/2025,10.00
2256,4,2017,29/03/2025,10.00
2256,5,2017,29/03/2025,10.00
2256,6,2017,29/03/2025,10.00
2256,7,2017,29/03/2025,10.00
2256,8,2017,29/03/2025,10.00
2256,9,2017,29/03/2025,10.00
2256,10,2017,29/03/2025,10.00
2256,11,2017,29/03/2025,10.00
2256,12,2017,29/03/2025,10.00
2256,1,2018,29/03/2025,20.00
2256,2,2018,29/03/2025,20.00
2256,3,2018,29/03/2025,20.00
2256,4,2018,29/03/2025,20.00
2256,5,2018,29/03/2025,20.00
2256,6,2018,29/03/2025,20.00
2256,7,2018,29/03/2025,20.00
2256,8,2018,29/03/2025,20.00
2256,9,2018,29/03/2025,20.00
2256,10,2018,29/03/2025,20.00
2256,11,2018,29/03/2025,20.00
2256,12,2018,29/03/2025,20.00
2256,1,2019,29/03/2025,30.00
2256,2,2019,29/03/2025,30.00
2256,3,2019,29/03/2025,30.00
2256,4,2019,29/03/2025,30.00
2256,5,2019,29/03/2025,30.00
2256,6,2019,29/03/2025,30.00
2256,7,2019,29/03/2025,30.00
2256,8,2019,29/03/2025,30.00
2256,9,2019,29/03/2025,30.00
2256,11,2019,29/03/2025,30.00
2256,12,2019,29/03/2025,30.00
2256,10,2019,29/03/2025,30.00
2256,1,2020,29/03/2025,50.00
2256,2,2020,29/03/2025,50.00
2256,3,2020,29/03/2025,50.00
2256,4,2020,29/03/2025,50.00
2256,5,2020,29/03/2025,50.00
2256,6,2020,29/03/2025,50.00
2256,7,2020,29/03/2025,50.00
2256,8,2020,29/03/2025,50.00
2256,9,2020,29/03/2025,50.00
2256,10,2020,29/03/2025,50.00
2256,11,2020,29/03/2025,50.00
2256,12,2020,29/03/2025,50.00
2256,1,2021,29/03/2025,80.00
2256,2,2021,29/03/2025,80.00
2256,3,2021,29/03/2025,80.00
2256,4,2021,29/03/2025,80.00
2256,5,2021,29/03/2025,80.00
2256,6,2021,29/03/2025,80.00
2256,7,2021,29/03/2025,80.00
2256,8,2021,29/03/2025,80.00
2256,9,2021,29/03/2025,80.00
2256,10,2021,29/03/2025,80.00
2256,11,2021,29/03/2025,80.00
2256,12,2021,29/03/2025,80.00
2256,1,2022,29/03/2025,100.00
2256,2,2022,29/03/2025,100.00
2256,3,2022,29/03/2025,100.00
2256,4,2022,29/03/2025,100.00
2256,5,2022,29/03/2025,100.00
2256,6,2022,29/03/2025,100.00
2256,7,2022,29/03/2025,100.00
2256,8,2022,29/03/2025,100.00
2256,9,2022,29/03/2025,100.00
2256,10,2022,29/03/2025,100.00
2256,11,2022,29/03/2025,100.00
2256,12,2022,29/03/2025,100.00
2256,1,2023,29/03/2025,200.00
2256,2,2023,29/03/2025,200.00
2256,3,2023,29/03/2025,200.00
2256,4,2023,29/03/2025,200.00
2256,5,2023,29/03/2025,200.00
2256,6,2023,29/03/2025,200.00
2256,7,2023,29/03/2025,200.00
2256,8,2023,29/03/2025,200.00
2256,9,2023,29/03/2025,200.00
2256,10,2023,29/03/2025,200.00
2256,11,2023,29/03/2025,200.00
2256,12,2023,29/03/2025,200.00
2256,1,2024,29/03/2025,300.00
2256,2,2024,29/03/2025,300.00
2256,3,2024,29/03/2025,300.00
2256,4,2024,29/03/2025,300.00
2256,5,2024,29/03/2025,300.00
2256,6,2024,29/03/2025,300.00
2256,7,2024,29/03/2025,300.00
2256,8,2024,29/03/2025,300.00
2256,9,2024,29/03/2025,300.00
2256,10,2024,29/03/2025,300.00
2256,11,2024,29/03/2025,300.00
2256,12,2024,29/03/2025,300.00
2256,1,2025,29/03/2025,600.00
2256,2,2025,29/03/2025,600.00
2256,3,2025,29/03/2025,600.00
2244,1,1995,29/03/2025,2.00
2244,2,1995,29/03/2025,2.00
2244,3,1995,29/03/2025,2.00
2244,4,1995,29/03/2025,2.00
2244,5,1995,29/03/2025,2.00
2244,6,1995,29/03/2025,2.00
2244,7,1995,29/03/2025,2.00
2244,8,1995,29/03/2025,2.00
2244,9,1995,29/03/2025,2.00
2244,10,1995,29/03/2025,2.00
2244,11,1995,29/03/2025,2.00
2244,12,1995,29/03/2025,2.00
2244,1,1996,29/03/2025,2.00
2244,2,1996,29/03/2025,2.00
2244,3,1996,29/03/2025,2.00
2244,4,1996,29/03/2025,2.00
2244,5,1996,29/03/2025,2.00
2244,6,1996,29/03/2025,2.00
2244,7,1996,29/03/2025,2.00
2244,8,1996,29/03/2025,2.00
2244,9,1996,29/03/2025,2.00
2244,10,1996,29/03/2025,2.00
2244,11,1996,29/03/2025,2.00
2244,12,1996,29/03/2025,2.00
2244,1,1997,29/03/2025,2.00
2244,2,1997,29/03/2025,2.00
2244,3,1997,29/03/2025,2.00
2244,4,1997,29/03/2025,2.00
2244,5,1997,29/03/2025,2.00
2244,6,1997,29/03/2025,2.00
2244,7,1997,29/03/2025,2.00
2244,8,1997,29/03/2025,2.00
2244,9,1997,29/03/2025,2.00
2244,10,1997,29/03/2025,2.00
2244,11,1997,29/03/2025,2.00
2244,12,1997,29/03/2025,2.00
2244,1,1998,29/03/2025,2.00
2244,2,1998,29/03/2025,2.00
2244,3,1998,29/03/2025,2.00
2244,4,1998,29/03/2025,2.00
2244,5,1998,29/03/2025,2.00
2244,6,1998,29/03/2025,2.00
2244,7,1998,29/03/2025,2.00
2244,8,1998,29/03/2025,2.00
2244,9,1998,29/03/2025,2.00
2244,10,1998,29/03/2025,2.00
2244,11,1998,29/03/2025,2.00
2244,12,1998,29/03/2025,2.00
2244,1,1999,29/03/2025,2.00
2244,2,1999,29/03/2025,2.00
2244,3,1999,29/03/2025,2.00
2244,4,1999,29/03/2025,2.00
2244,5,1999,29/03/2025,2.00
2244,6,1999,29/03/2025,2.00
2244,7,1999,29/03/2025,2.00
2244,8,1999,29/03/2025,2.00
2244,9,1999,29/03/2025,2.00
2244,10,1999,29/03/2025,2.00
2244,11,1999,29/03/2025,2.00
2244,12,1999,29/03/2025,2.00
2244,1,2000,29/03/2025,2.00
2244,2,2000,29/03/2025,2.00
2244,3,2000,29/03/2025,2.00
2244,4,2000,29/03/2025,2.00
2244,5,2000,29/03/2025,2.00
2244,6,2000,29/03/2025,2.00
2244,7,2000,29/03/2025,2.00
2244,8,2000,29/03/2025,2.00
2244,9,2000,29/03/2025,2.00
2244,10,2000,29/03/2025,2.00
2244,11,2000,29/03/2025,2.00
2244,12,2000,29/03/2025,2.00
2244,1,2001,29/03/2025,2.00
2244,2,2001,29/03/2025,2.00
2244,3,2001,29/03/2025,2.00
2244,4,2001,29/03/2025,2.00
2244,5,2001,29/03/2025,2.00
2244,6,2001,29/03/2025,2.00
2244,7,2001,29/03/2025,2.00
2244,8,2001,29/03/2025,2.00
2244,9,2001,29/03/2025,2.00
2244,10,2001,29/03/2025,2.00
2244,11,2001,29/03/2025,2.00
2244,12,2001,29/03/2025,2.00
2244,1,2002,29/03/2025,2.00
2244,3,2002,29/03/2025,2.00
2244,4,2002,29/03/2025,2.00
2244,5,2002,29/03/2025,2.00
2244,6,2002,29/03/2025,2.00
2244,7,2002,29/03/2025,2.00
2244,8,2002,29/03/2025,2.00
2244,9,2002,29/03/2025,2.00
2244,10,2002,29/03/2025,2.00
2244,11,2002,29/03/2025,2.00
2244,12,2002,29/03/2025,2.00
2244,2,2002,29/03/2025,2.00
2244,1,2003,29/03/2025,2.00
2244,3,2003,29/03/2025,2.00
2244,4,2003,29/03/2025,2.00
2244,5,2003,29/03/2025,2.00
2244,6,2003,29/03/2025,2.00
2244,7,2003,29/03/2025,2.00
2244,8,2003,29/03/2025,2.00
2244,9,2003,29/03/2025,2.00
2244,10,2003,29/03/2025,2.00
2244,11,2003,29/03/2025,2.00
2244,12,2003,29/03/2025,2.00
2244,2,2003,29/03/2025,2.00
2244,1,2004,29/03/2025,2.00
2244,2,2004,29/03/2025,2.00
2244,3,2004,29/03/2025,2.00
2244,4,2004,29/03/2025,2.00
2244,5,2004,29/03/2025,2.00
2244,6,2004,29/03/2025,2.00
2244,7,2004,29/03/2025,2.00
2244,8,2004,29/03/2025,2.00
2244,9,2004,29/03/2025,2.00
2244,10,2004,29/03/2025,2.00
2244,11,2004,29/03/2025,2.00
2244,12,2004,29/03/2025,2.00
2244,1,2005,29/03/2025,3.00
2244,2,2005,29/03/2025,3.00
2244,3,2005,29/03/2025,3.00
2244,4,2005,29/03/2025,3.00
2244,5,2005,29/03/2025,3.00
2244,6,2005,29/03/2025,3.00
2244,7,2005,29/03/2025,3.00
2244,8,2005,29/03/2025,3.00
2244,9,2005,29/03/2025,3.00
2244,10,2005,29/03/2025,3.00
2244,11,2005,29/03/2025,3.00
2244,12,2005,29/03/2025,3.00
2244,1,2006,29/03/2025,3.00
2244,2,2006,29/03/2025,3.00
2244,3,2006,29/03/2025,3.00
2244,4,2006,29/03/2025,3.00
2244,5,2006,29/03/2025,3.00
2244,6,2006,29/03/2025,3.00
2244,7,2006,29/03/2025,3.00
2244,8,2006,29/03/2025,3.00
2244,9,2006,29/03/2025,3.00
2244,10,2006,29/03/2025,3.00
2244,11,2006,29/03/2025,3.00
2244,12,2006,29/03/2025,3.00
2244,1,2007,29/03/2025,3.00
2244,3,2007,29/03/2025,3.00
2244,4,2007,29/03/2025,3.00
2244,5,2007,29/03/2025,3.00
2244,6,2007,29/03/2025,3.00
2244,7,2007,29/03/2025,3.00
2244,8,2007,29/03/2025,3.00
2244,9,2007,29/03/2025,3.00
2244,10,2007,29/03/2025,3.00
2244,11,2007,29/03/2025,3.00
2244,12,2007,29/03/2025,3.00
2244,1,2008,29/03/2025,3.00
2244,2,2008,29/03/2025,3.00
2244,3,2008,29/03/2025,3.00
2244,4,2008,29/03/2025,3.00
2244,7,2008,29/03/2025,3.00
2244,5,2008,29/03/2025,3.00
2244,6,2008,29/03/2025,3.00
2244,2,2007,29/03/2025,3.00
2244,9,2008,29/03/2025,3.00
2244,8,2008,29/03/2025,3.00
2244,10,2008,29/03/2025,3.00
2244,11,2008,29/03/2025,3.00
2244,12,2008,29/03/2025,3.00
2244,1,2009,29/03/2025,4.00
2244,2,2009,29/03/2025,4.00
2244,3,2009,29/03/2025,4.00
2244,4,2009,29/03/2025,4.00
2244,5,2009,29/03/2025,4.00
2244,6,2009,29/03/2025,4.00
2244,7,2009,29/03/2025,4.00
2244,8,2009,29/03/2025,4.00
2244,9,2009,29/03/2025,4.00
2244,10,2009,29/03/2025,4.00
2244,11,2009,29/03/2025,4.00
2244,12,2009,29/03/2025,4.00
2244,1,2010,29/03/2025,5.00
2244,2,2010,29/03/2025,5.00
2244,3,2010,29/03/2025,5.00
2244,4,2010,29/03/2025,5.00
2244,5,2010,29/03/2025,5.00
2244,6,2010,29/03/2025,5.00
2244,7,2010,29/03/2025,5.00
2244,8,2010,29/03/2025,5.00
2244,9,2010,29/03/2025,5.00
2244,10,2010,29/03/2025,5.00
2244,11,2010,29/03/2025,5.00
2244,12,2010,29/03/2025,5.00
2244,1,2011,29/03/2025,5.00
2244,2,2011,29/03/2025,5.00
2244,3,2011,29/03/2025,5.00
2244,4,2011,29/03/2025,5.00
2244,5,2011,29/03/2025,5.00
2244,6,2011,29/03/2025,5.00
2244,7,2011,29/03/2025,5.00
2244,8,2011,29/03/2025,5.00
2244,9,2011,29/03/2025,5.00
2244,10,2011,29/03/2025,5.00
2244,11,2011,29/03/2025,5.00
2244,12,2011,29/03/2025,5.00
2244,1,2012,29/03/2025,5.00
2244,2,2012,29/03/2025,5.00
2244,3,2012,29/03/2025,5.00
2244,4,2012,29/03/2025,5.00
2244,5,2012,29/03/2025,5.00
2244,6,2012,29/03/2025,5.00
2244,7,2012,29/03/2025,5.00
2244,8,2012,29/03/2025,5.00
2244,9,2012,29/03/2025,5.00
2244,10,2012,29/03/2025,5.00
2244,11,2012,29/03/2025,5.00
2244,12,2012,29/03/2025,5.00
2244,1,2013,29/03/2025,5.00
2244,2,2013,29/03/2025,5.00
2244,3,2013,29/03/2025,5.00
2244,4,2013,29/03/2025,5.00
2244,5,2013,29/03/2025,5.00
2244,6,2013,29/03/2025,5.00
2244,7,2013,29/03/2025,5.00
2244,8,2013,29/03/2025,5.00
2244,9,2013,29/03/2025,5.00
2244,10,2013,29/03/2025,5.00
2244,11,2013,29/03/2025,5.00
2244,12,2013,29/03/2025,5.00
2244,1,2014,29/03/2025,5.00
2244,2,2014,29/03/2025,5.00
2244,3,2014,29/03/2025,5.00
2244,4,2014,29/03/2025,5.00
2244,5,2014,29/03/2025,5.00
2244,6,2014,29/03/2025,5.00
2244,7,2014,29/03/2025,5.00
2244,8,2014,29/03/2025,5.00
2244,9,2014,29/03/2025,5.00
2244,10,2014,29/03/2025,5.00
2244,11,2014,29/03/2025,5.00
2244,12,2014,29/03/2025,5.00
2244,1,2015,29/03/2025,10.00
2244,2,2015,29/03/2025,10.00
2244,3,2015,29/03/2025,10.00
2244,4,2015,29/03/2025,10.00
2244,5,2015,29/03/2025,10.00
2244,6,2015,29/03/2025,10.00
2244,7,2015,29/03/2025,10.00
2244,8,2015,29/03/2025,10.00
2244,9,2015,29/03/2025,10.00
2244,10,2015,29/03/2025,10.00
2244,11,2015,29/03/2025,10.00
2244,12,2015,29/03/2025,10.00
2244,1,2016,29/03/2025,10.00
2244,2,2016,29/03/2025,10.00
2244,3,2016,29/03/2025,10.00
2244,4,2016,29/03/2025,10.00
2244,5,2016,29/03/2025,10.00
2244,6,2016,29/03/2025,10.00
2244,7,2016,29/03/2025,10.00
2244,8,2016,29/03/2025,10.00
2244,9,2016,29/03/2025,10.00
2244,10,2016,29/03/2025,10.00
2244,11,2016,29/03/2025,10.00
2244,12,2016,29/03/2025,10.00
2244,1,2017,29/03/2025,10.00
2244,2,2017,29/03/2025,10.00
2244,3,2017,29/03/2025,10.00
2244,4,2017,29/03/2025,10.00
2244,5,2017,29/03/2025,10.00
2244,6,2017,29/03/2025,10.00
2244,7,2017,29/03/2025,10.00
2244,8,2017,29/03/2025,10.00
2244,9,2017,29/03/2025,10.00
2244,10,2017,29/03/2025,10.00
2244,11,2017,29/03/2025,10.00
2244,12,2017,29/03/2025,10.00
2244,1,2018,29/03/2025,20.00
2244,2,2018,29/03/2025,20.00
2244,3,2018,29/03/2025,20.00
2244,4,2018,29/03/2025,20.00
2244,5,2018,29/03/2025,20.00
2244,6,2018,29/03/2025,20.00
2244,7,2018,29/03/2025,20.00
2244,8,2018,29/03/2025,20.00
2244,9,2018,29/03/2025,20.00
2244,10,2018,29/03/2025,20.00
2244,11,2018,29/03/2025,20.00
2244,12,2018,29/03/2025,20.00
2244,1,2019,29/03/2025,30.00
2244,2,2019,29/03/2025,30.00
2244,3,2019,29/03/2025,30.00
2244,4,2019,29/03/2025,30.00
2244,5,2019,29/03/2025,30.00
2244,6,2019,29/03/2025,30.00
2244,7,2019,29/03/2025,30.00
2244,8,2019,29/03/2025,30.00
2244,9,2019,29/03/2025,30.00
2244,11,2019,29/03/2025,30.00
2244,12,2019,29/03/2025,30.00
2244,10,2019,29/03/2025,30.00
2244,1,2020,29/03/2025,50.00
2244,2,2020,29/03/2025,50.00
2244,3,2020,29/03/2025,50.00
2244,4,2020,29/03/2025,50.00
2244,5,2020,29/03/2025,50.00
2244,6,2020,29/03/2025,50.00
2244,7,2020,29/03/2025,50.00
2244,8,2020,29/03/2025,50.00
2244,9,2020,29/03/2025,50.00
2244,10,2020,29/03/2025,50.00
2244,11,2020,29/03/2025,50.00
2244,12,2020,29/03/2025,50.00
2244,1,2021,29/03/2025,80.00
2244,2,2021,29/03/2025,80.00
2244,3,2021,29/03/2025,80.00
2244,4,2021,29/03/2025,80.00
2244,5,2021,29/03/2025,80.00
2244,6,2021,29/03/2025,80.00
2244,7,2021,29/03/2025,80.00
2244,8,2021,29/03/2025,80.00
2244,9,2021,29/03/2025,80.00
2244,10,2021,29/03/2025,80.00
2244,11,2021,29/03/2025,80.00
2244,12,2021,29/03/2025,80.00
2244,1,2022,29/03/2025,100.00
2244,2,2022,29/03/2025,100.00
2244,3,2022,29/03/2025,100.00
2244,4,2022,29/03/2025,100.00
2244,5,2022,29/03/2025,100.00
2244,6,2022,29/03/2025,100.00
2244,7,2022,29/03/2025,100.00
2244,8,2022,29/03/2025,100.00
2244,9,2022,29/03/2025,100.00
2244,10,2022,29/03/2025,100.00
2244,11,2022,29/03/2025,100.00
2244,12,2022,29/03/2025,100.00
2244,1,2023,29/03/2025,200.00
2244,2,2023,29/03/2025,200.00
2244,3,2023,29/03/2025,200.00
2244,4,2023,29/03/2025,200.00
2244,5,2023,29/03/2025,200.00
2244,6,2023,29/03/2025,200.00
2244,7,2023,29/03/2025,200.00
2244,8,2023,29/03/2025,200.00
2244,9,2023,29/03/2025,200.00
2244,10,2023,29/03/2025,200.00
2244,11,2023,29/03/2025,200.00
2244,12,2023,29/03/2025,200.00
2244,1,2024,29/03/2025,300.00
2244,2,2024,29/03/2025,300.00
2244,3,2024,29/03/2025,300.00
2244,4,2024,29/03/2025,300.00
2244,5,2024,29/03/2025,300.00
2244,6,2024,29/03/2025,300.00
2244,7,2024,29/03/2025,300.00
2244,8,2024,29/03/2025,300.00
2244,9,2024,29/03/2025,300.00
2244,10,2024,29/03/2025,300.00
2244,11,2024,29/03/2025,300.00
2244,12,2024,29/03/2025,300.00
2244,1,2025,29/03/2025,600.00
2244,2,2025,29/03/2025,600.00
146,1,1995,29/03/2025,2.00
146,2,1995,29/03/2025,2.00
146,3,1995,29/03/2025,2.00
146,4,1995,29/03/2025,2.00
146,5,1995,29/03/2025,2.00
146,6,1995,29/03/2025,2.00
146,7,1995,29/03/2025,2.00
146,8,1995,29/03/2025,2.00
146,9,1995,29/03/2025,2.00
146,10,1995,29/03/2025,2.00
146,11,1995,29/03/2025,2.00
146,12,1995,29/03/2025,2.00
146,1,1996,29/03/2025,2.00
146,2,1996,29/03/2025,2.00
146,3,1996,29/03/2025,2.00
146,4,1996,29/03/2025,2.00
146,5,1996,29/03/2025,2.00
146,6,1996,29/03/2025,2.00
146,7,1996,29/03/2025,2.00
146,8,1996,29/03/2025,2.00
146,9,1996,29/03/2025,2.00
146,10,1996,29/03/2025,2.00
146,11,1996,29/03/2025,2.00
146,12,1996,29/03/2025,2.00
146,1,1997,29/03/2025,2.00
146,2,1997,29/03/2025,2.00
146,3,1997,29/03/2025,2.00
146,4,1997,29/03/2025,2.00
146,5,1997,29/03/2025,2.00
146,6,1997,29/03/2025,2.00
146,7,1997,29/03/2025,2.00
146,8,1997,29/03/2025,2.00
146,9,1997,29/03/2025,2.00
146,10,1997,29/03/2025,2.00
146,11,1997,29/03/2025,2.00
146,12,1997,29/03/2025,2.00
146,1,1998,29/03/2025,2.00
146,2,1998,29/03/2025,2.00
146,3,1998,29/03/2025,2.00
146,4,1998,29/03/2025,2.00
146,5,1998,29/03/2025,2.00
146,6,1998,29/03/2025,2.00
146,7,1998,29/03/2025,2.00
146,8,1998,29/03/2025,2.00
146,9,1998,29/03/2025,2.00
146,10,1998,29/03/2025,2.00
146,11,1998,29/03/2025,2.00
146,12,1998,29/03/2025,2.00
146,1,1999,29/03/2025,2.00
146,2,1999,29/03/2025,2.00
146,3,1999,29/03/2025,2.00
146,4,1999,29/03/2025,2.00
146,5,1999,29/03/2025,2.00
146,6,1999,29/03/2025,2.00
146,7,1999,29/03/2025,2.00
146,8,1999,29/03/2025,2.00
146,9,1999,29/03/2025,2.00
146,10,1999,29/03/2025,2.00
146,11,1999,29/03/2025,2.00
146,12,1999,29/03/2025,2.00
146,1,2000,29/03/2025,2.00
146,2,2000,29/03/2025,2.00
146,3,2000,29/03/2025,2.00
146,4,2000,29/03/2025,2.00
146,5,2000,29/03/2025,2.00
146,6,2000,29/03/2025,2.00
146,7,2000,29/03/2025,2.00
146,8,2000,29/03/2025,2.00
146,9,2000,29/03/2025,2.00
146,10,2000,29/03/2025,2.00
146,11,2000,29/03/2025,2.00
146,12,2000,29/03/2025,2.00
146,1,2001,29/03/2025,2.00
146,2,2001,29/03/2025,2.00
146,3,2001,29/03/2025,2.00
146,4,2001,29/03/2025,2.00
146,5,2001,29/03/2025,2.00
146,6,2001,29/03/2025,2.00
146,7,2001,29/03/2025,2.00
146,8,2001,29/03/2025,2.00
146,9,2001,29/03/2025,2.00
146,10,2001,29/03/2025,2.00
146,11,2001,29/03/2025,2.00
146,12,2001,29/03/2025,2.00
146,1,2002,29/03/2025,2.00
146,3,2002,29/03/2025,2.00
146,4,2002,29/03/2025,2.00
146,5,2002,29/03/2025,2.00
146,6,2002,29/03/2025,2.00
146,7,2002,29/03/2025,2.00
146,8,2002,29/03/2025,2.00
146,9,2002,29/03/2025,2.00
146,10,2002,29/03/2025,2.00
146,11,2002,29/03/2025,2.00
146,12,2002,29/03/2025,2.00
146,2,2002,29/03/2025,2.00
146,1,2003,29/03/2025,2.00
146,4,2003,29/03/2025,2.00
146,5,2003,29/03/2025,2.00
146,6,2003,29/03/2025,2.00
146,7,2003,29/03/2025,2.00
146,8,2003,29/03/2025,2.00
146,9,2003,29/03/2025,2.00
146,10,2003,29/03/2025,2.00
146,11,2003,29/03/2025,2.00
146,12,2003,29/03/2025,2.00
146,2,2003,29/03/2025,2.00
146,3,2003,29/03/2025,2.00
146,1,2004,29/03/2025,2.00
146,2,2004,29/03/2025,2.00
146,3,2004,29/03/2025,2.00
146,4,2004,29/03/2025,2.00
146,5,2004,29/03/2025,2.00
146,6,2004,29/03/2025,2.00
146,7,2004,29/03/2025,2.00
146,8,2004,29/03/2025,2.00
146,9,2004,29/03/2025,2.00
146,10,2004,29/03/2025,2.00
146,11,2004,29/03/2025,2.00
146,12,2004,29/03/2025,2.00
146,1,2005,29/03/2025,3.00
146,2,2005,29/03/2025,3.00
146,3,2005,29/03/2025,3.00
146,4,2005,29/03/2025,3.00
146,5,2005,29/03/2025,3.00
146,6,2005,29/03/2025,3.00
146,7,2005,29/03/2025,3.00
146,8,2005,29/03/2025,3.00
146,9,2005,29/03/2025,3.00
146,10,2005,29/03/2025,3.00
146,11,2005,29/03/2025,3.00
146,12,2005,29/03/2025,3.00
146,1,2006,29/03/2025,3.00
146,2,2006,29/03/2025,3.00
146,3,2006,29/03/2025,3.00
146,4,2006,29/03/2025,3.00
146,5,2006,29/03/2025,3.00
146,6,2006,29/03/2025,3.00
146,7,2006,29/03/2025,3.00
146,8,2006,29/03/2025,3.00
146,9,2006,29/03/2025,3.00
146,10,2006,29/03/2025,3.00
146,11,2006,29/03/2025,3.00
146,12,2006,29/03/2025,3.00
146,1,2007,29/03/2025,3.00
146,3,2007,29/03/2025,3.00
146,4,2007,29/03/2025,3.00
146,5,2007,29/03/2025,3.00
146,6,2007,29/03/2025,3.00
146,7,2007,29/03/2025,3.00
146,8,2007,29/03/2025,3.00
146,9,2007,29/03/2025,3.00
146,10,2007,29/03/2025,3.00
146,11,2007,29/03/2025,3.00
146,12,2007,29/03/2025,3.00
146,1,2008,29/03/2025,3.00
146,2,2008,29/03/2025,3.00
146,3,2008,29/03/2025,3.00
146,4,2008,29/03/2025,3.00
146,7,2008,29/03/2025,3.00
146,5,2008,29/03/2025,3.00
146,6,2008,29/03/2025,3.00
146,2,2007,29/03/2025,3.00
146,9,2008,29/03/2025,3.00
146,8,2008,29/03/2025,3.00
146,10,2008,29/03/2025,3.00
146,11,2008,29/03/2025,3.00
146,12,2008,29/03/2025,3.00
146,1,2009,29/03/2025,4.00
146,2,2009,29/03/2025,4.00
146,3,2009,29/03/2025,4.00
146,4,2009,29/03/2025,4.00
146,5,2009,29/03/2025,4.00
146,6,2009,29/03/2025,4.00
146,7,2009,29/03/2025,4.00
146,8,2009,29/03/2025,4.00
146,9,2009,29/03/2025,4.00
146,10,2009,29/03/2025,4.00
146,11,2009,29/03/2025,4.00
146,12,2009,29/03/2025,4.00
146,1,2010,29/03/2025,5.00
146,2,2010,29/03/2025,5.00
146,3,2010,29/03/2025,5.00
146,4,2010,29/03/2025,5.00
146,5,2010,29/03/2025,5.00
146,6,2010,29/03/2025,5.00
146,7,2010,29/03/2025,5.00
146,8,2010,29/03/2025,5.00
146,9,2010,29/03/2025,5.00
146,10,2010,29/03/2025,5.00
146,11,2010,29/03/2025,5.00
146,12,2010,29/03/2025,5.00
146,1,2011,29/03/2025,5.00
146,2,2011,29/03/2025,5.00
146,3,2011,29/03/2025,5.00
146,4,2011,29/03/2025,5.00
146,5,2011,29/03/2025,5.00
146,6,2011,29/03/2025,5.00
146,7,2011,29/03/2025,5.00
146,8,2011,29/03/2025,5.00
146,9,2011,29/03/2025,5.00
146,10,2011,29/03/2025,5.00
146,11,2011,29/03/2025,5.00
146,12,2011,29/03/2025,5.00
146,1,2012,29/03/2025,5.00
146,2,2012,29/03/2025,5.00
146,3,2012,29/03/2025,5.00
146,4,2012,29/03/2025,5.00
146,5,2012,29/03/2025,5.00
146,6,2012,29/03/2025,5.00
146,7,2012,29/03/2025,5.00
146,8,2012,29/03/2025,5.00
146,9,2012,29/03/2025,5.00
146,10,2012,29/03/2025,5.00
146,11,2012,29/03/2025,5.00
146,12,2012,29/03/2025,5.00
146,1,2013,29/03/2025,5.00
146,2,2013,29/03/2025,5.00
146,3,2013,29/03/2025,5.00
146,4,2013,29/03/2025,5.00
146,5,2013,29/03/2025,5.00
146,6,2013,29/03/2025,5.00
146,7,2013,29/03/2025,5.00
146,8,2013,29/03/2025,5.00
146,9,2013,29/03/2025,5.00
146,10,2013,29/03/2025,5.00
146,11,2013,29/03/2025,5.00
146,12,2013,29/03/2025,5.00
146,1,2014,29/03/2025,5.00
146,2,2014,29/03/2025,5.00
146,3,2014,29/03/2025,5.00
146,4,2014,29/03/2025,5.00
146,5,2014,29/03/2025,5.00
146,6,2014,29/03/2025,5.00
146,7,2014,29/03/2025,5.00
146,8,2014,29/03/2025,5.00
146,9,2014,29/03/2025,5.00
146,10,2014,29/03/2025,5.00
146,11,2014,29/03/2025,5.00
146,12,2014,29/03/2025,5.00
146,1,2015,29/03/2025,10.00
146,2,2015,29/03/2025,10.00
146,3,2015,29/03/2025,10.00
146,4,2015,29/03/2025,10.00
146,5,2015,29/03/2025,10.00
146,6,2015,29/03/2025,10.00
146,7,2015,29/03/2025,10.00
146,8,2015,29/03/2025,10.00
146,9,2015,29/03/2025,10.00
146,10,2015,29/03/2025,10.00
146,11,2015,29/03/2025,10.00
146,12,2015,29/03/2025,10.00
146,1,2016,29/03/2025,10.00
146,2,2016,29/03/2025,10.00
146,3,2016,29/03/2025,10.00
146,4,2016,29/03/2025,10.00
146,5,2016,29/03/2025,10.00
146,6,2016,29/03/2025,10.00
146,7,2016,29/03/2025,10.00
146,8,2016,29/03/2025,10.00
146,9,2016,29/03/2025,10.00
146,10,2016,29/03/2025,10.00
146,11,2016,29/03/2025,10.00
146,12,2016,29/03/2025,10.00
146,1,2017,29/03/2025,10.00
146,2,2017,29/03/2025,10.00
146,3,2017,29/03/2025,10.00
146,4,2017,29/03/2025,10.00
146,5,2017,29/03/2025,10.00
146,6,2017,29/03/2025,10.00
146,7,2017,29/03/2025,10.00
146,8,2017,29/03/2025,10.00
146,9,2017,29/03/2025,10.00
146,10,2017,29/03/2025,10.00
146,11,2017,29/03/2025,10.00
146,12,2017,29/03/2025,10.00
146,1,2018,29/03/2025,20.00
146,2,2018,29/03/2025,20.00
146,3,2018,29/03/2025,20.00
146,4,2018,29/03/2025,20.00
146,5,2018,29/03/2025,20.00
146,6,2018,29/03/2025,20.00
146,7,2018,29/03/2025,20.00
146,8,2018,29/03/2025,20.00
146,9,2018,29/03/2025,20.00
146,10,2018,29/03/2025,20.00
146,11,2018,29/03/2025,20.00
146,12,2018,29/03/2025,20.00
146,1,2019,29/03/2025,30.00
146,2,2019,29/03/2025,30.00
146,3,2019,29/03/2025,30.00
146,4,2019,29/03/2025,30.00
146,5,2019,29/03/2025,30.00
146,6,2019,29/03/2025,30.00
146,7,2019,29/03/2025,30.00
146,8,2019,29/03/2025,30.00
146,9,2019,29/03/2025,30.00
146,11,2019,29/03/2025,30.00
146,12,2019,29/03/2025,30.00
146,10,2019,29/03/2025,30.00
146,1,2020,29/03/2025,50.00
146,2,2020,29/03/2025,50.00
146,3,2020,29/03/2025,50.00
146,4,2020,29/03/2025,50.00
146,5,2020,29/03/2025,50.00
146,6,2020,29/03/2025,50.00
146,7,2020,29/03/2025,50.00
146,8,2020,29/03/2025,50.00
146,9,2020,29/03/2025,50.00
146,10,2020,29/03/2025,50.00
146,11,2020,29/03/2025,50.00
146,12,2020,29/03/2025,50.00
146,1,2021,29/03/2025,80.00
146,2,2021,29/03/2025,80.00
146,3,2021,29/03/2025,80.00
146,4,2021,29/03/2025,80.00
146,5,2021,29/03/2025,80.00
146,6,2021,29/03/2025,80.00
146,7,2021,29/03/2025,80.00
146,8,2021,29/03/2025,80.00
146,9,2021,29/03/2025,80.00
146,10,2021,29/03/2025,80.00
146,11,2021,29/03/2025,80.00
146,12,2021,29/03/2025,80.00
146,1,2022,29/03/2025,100.00
146,2,2022,29/03/2025,100.00
146,3,2022,29/03/2025,100.00
146,4,2022,29/03/2025,100.00
146,5,2022,29/03/2025,100.00
146,6,2022,29/03/2025,100.00
146,7,2022,29/03/2025,100.00
146,8,2022,29/03/2025,100.00
146,9,2022,29/03/2025,100.00
146,10,2022,29/03/2025,100.00
146,11,2022,29/03/2025,100.00
146,12,2022,29/03/2025,100.00
146,1,2023,29/03/2025,200.00
146,2,2023,29/03/2025,200.00
146,3,2023,29/03/2025,200.00
146,4,2023,29/03/2025,200.00
146,5,2023,29/03/2025,200.00
146,6,2023,29/03/2025,200.00
146,7,2023,29/03/2025,200.00
146,8,2023,29/03/2025,200.00
146,9,2023,29/03/2025,200.00
146,10,2023,29/03/2025,200.00
146,11,2023,29/03/2025,200.00
146,12,2023,29/03/2025,200.00
146,1,2024,29/03/2025,300.00
146,2,2024,29/03/2025,300.00
146,3,2024,29/03/2025,300.00
146,4,2024,29/03/2025,300.00
146,5,2024,29/03/2025,300.00
146,6,2024,29/03/2025,300.00
146,7,2024,29/03/2025,300.00
146,8,2024,29/03/2025,300.00
146,9,2024,29/03/2025,300.00
146,10,2024,29/03/2025,300.00
146,11,2024,29/03/2025,300.00
146,12,2024,29/03/2025,300.00
146,1,2025,29/03/2025,600.00
146,2,2025,29/03/2025,600.00
8,1,1994,29/03/2025,2.00
8,2,1994,29/03/2025,2.00
8,3,1994,29/03/2025,2.00
8,4,1994,29/03/2025,2.00
8,5,1994,29/03/2025,2.00
8,6,1994,29/03/2025,2.00
8,7,1994,29/03/2025,2.00
8,9,1994,29/03/2025,2.00
8,10,1994,29/03/2025,2.00
8,11,1994,29/03/2025,2.00
8,12,1994,29/03/2025,2.00
8,1,1995,29/03/2025,2.00
8,2,1995,29/03/2025,2.00
8,3,1995,29/03/2025,2.00
8,4,1995,29/03/2025,2.00
8,5,1995,29/03/2025,2.00
8,6,1995,29/03/2025,2.00
8,7,1995,29/03/2025,2.00
8,8,1995,29/03/2025,2.00
8,9,1995,29/03/2025,2.00
8,10,1995,29/03/2025,2.00
8,11,1995,29/03/2025,2.00
8,12,1995,29/03/2025,2.00
8,1,1997,29/03/2025,2.00
8,2,1997,29/03/2025,2.00
8,3,1997,29/03/2025,2.00
8,4,1997,29/03/2025,2.00
8,5,1997,29/03/2025,2.00
8,6,1997,29/03/2025,2.00
8,7,1997,29/03/2025,2.00
8,8,1997,29/03/2025,2.00
8,9,1997,29/03/2025,2.00
8,10,1997,29/03/2025,2.00
8,11,1997,29/03/2025,2.00
8,12,1997,29/03/2025,2.00
8,1,1998,29/03/2025,2.00
8,2,1998,29/03/2025,2.00
8,3,1998,29/03/2025,2.00
8,4,1998,29/03/2025,2.00
8,5,1998,29/03/2025,2.00
8,6,1998,29/03/2025,2.00
8,7,1998,29/03/2025,2.00
8,8,1998,29/03/2025,2.00
8,9,1998,29/03/2025,2.00
8,10,1998,29/03/2025,2.00
8,11,1998,29/03/2025,2.00
8,12,1998,29/03/2025,2.00
8,1,1999,29/03/2025,2.00
8,2,1999,29/03/2025,2.00
8,3,1999,29/03/2025,2.00
8,4,1999,29/03/2025,2.00
8,5,1999,29/03/2025,2.00
8,6,1999,29/03/2025,2.00
8,7,1999,29/03/2025,2.00
8,8,1999,29/03/2025,2.00
8,9,1999,29/03/2025,2.00
8,10,1999,29/03/2025,2.00
8,11,1999,29/03/2025,2.00
8,12,1999,29/03/2025,2.00
8,1,2000,29/03/2025,2.00
8,2,2000,29/03/2025,2.00
8,3,2000,29/03/2025,2.00
8,4,2000,29/03/2025,2.00
8,5,2000,29/03/2025,2.00
8,6,2000,29/03/2025,2.00
8,7,2000,29/03/2025,2.00
8,8,2000,29/03/2025,2.00
8,9,2000,29/03/2025,2.00
8,10,2000,29/03/2025,2.00
8,11,2000,29/03/2025,2.00
8,12,2000,29/03/2025,2.00
8,1,2001,29/03/2025,2.00
8,2,2001,29/03/2025,2.00
8,3,2001,29/03/2025,2.00
8,4,2001,29/03/2025,2.00
8,5,2001,29/03/2025,2.00
8,6,2001,29/03/2025,2.00
8,7,2001,29/03/2025,2.00
8,8,2001,29/03/2025,2.00
8,9,2001,29/03/2025,2.00
8,10,2001,29/03/2025,2.00
8,11,2001,29/03/2025,2.00
8,12,2001,29/03/2025,2.00
8,1,2002,29/03/2025,2.00
8,3,2002,29/03/2025,2.00
8,4,2002,29/03/2025,2.00
8,5,2002,29/03/2025,2.00
8,6,2002,29/03/2025,2.00
8,7,2002,29/03/2025,2.00
8,8,2002,29/03/2025,2.00
8,9,2002,29/03/2025,2.00
8,10,2002,29/03/2025,2.00
8,11,2002,29/03/2025,2.00
8,12,2002,29/03/2025,2.00
8,2,2002,29/03/2025,2.00
8,1,2003,29/03/2025,2.00
8,4,2003,29/03/2025,2.00
8,5,2003,29/03/2025,2.00
8,6,2003,29/03/2025,2.00
8,7,2003,29/03/2025,2.00
8,8,2003,29/03/2025,2.00
8,9,2003,29/03/2025,2.00
8,10,2003,29/03/2025,2.00
8,11,2003,29/03/2025,2.00
8,12,2003,29/03/2025,2.00
8,2,2003,29/03/2025,2.00
8,3,2003,29/03/2025,2.00
8,1,2004,29/03/2025,2.00
8,2,2004,29/03/2025,2.00
8,3,2004,29/03/2025,2.00
8,4,2004,29/03/2025,2.00
8,5,2004,29/03/2025,2.00
8,6,2004,29/03/2025,2.00
8,7,2004,29/03/2025,2.00
8,8,2004,29/03/2025,2.00
8,9,2004,29/03/2025,2.00
8,10,2004,29/03/2025,2.00
8,11,2004,29/03/2025,2.00
8,12,2004,29/03/2025,2.00
8,1,2005,29/03/2025,3.00
8,2,2005,29/03/2025,3.00
8,3,2005,29/03/2025,3.00
8,4,2005,29/03/2025,3.00
8,5,2005,29/03/2025,3.00
8,6,2005,29/03/2025,3.00
8,7,2005,29/03/2025,3.00
8,8,2005,29/03/2025,3.00
8,9,2005,29/03/2025,3.00
8,10,2005,29/03/2025,3.00
8,11,2005,29/03/2025,3.00
8,12,2005,29/03/2025,3.00
8,1,2006,29/03/2025,3.00
8,2,2006,29/03/2025,3.00
8,3,2006,29/03/2025,3.00
8,4,2006,29/03/2025,3.00
8,5,2006,29/03/2025,3.00
8,6,2006,29/03/2025,3.00
8,7,2006,29/03/2025,3.00
8,8,2006,29/03/2025,3.00
8,9,2006,29/03/2025,3.00
8,10,2006,29/03/2025,3.00
8,11,2006,29/03/2025,3.00
8,12,2006,29/03/2025,3.00
8,1,2007,29/03/2025,3.00
8,3,2007,29/03/2025,3.00
8,4,2007,29/03/2025,3.00
8,5,2007,29/03/2025,3.00
8,6,2007,29/03/2025,3.00
8,7,2007,29/03/2025,3.00
8,8,2007,29/03/2025,3.00
8,9,2007,29/03/2025,3.00
8,10,2007,29/03/2025,3.00
8,11,2007,29/03/2025,3.00
8,12,2007,29/03/2025,3.00
8,1,2008,29/03/2025,3.00
8,2,2008,29/03/2025,3.00
8,3,2008,29/03/2025,3.00
8,4,2008,29/03/2025,3.00
8,7,2008,29/03/2025,3.00
8,5,2008,29/03/2025,3.00
8,6,2008,29/03/2025,3.00
8,2,2007,29/03/2025,3.00
8,9,2008,29/03/2025,3.00
8,8,2008,29/03/2025,3.00
8,10,2008,29/03/2025,3.00
8,11,2008,29/03/2025,3.00
8,12,2008,29/03/2025,3.00
8,1,2009,29/03/2025,4.00
8,2,2009,29/03/2025,4.00
8,3,2009,29/03/2025,4.00
8,4,2009,29/03/2025,4.00
8,5,2009,29/03/2025,4.00
8,6,2009,29/03/2025,4.00
8,7,2009,29/03/2025,4.00
8,8,2009,29/03/2025,4.00
8,9,2009,29/03/2025,4.00
8,10,2009,29/03/2025,4.00
8,11,2009,29/03/2025,4.00
8,12,2009,29/03/2025,4.00
8,1,2010,29/03/2025,5.00
8,2,2010,29/03/2025,5.00
8,3,2010,29/03/2025,5.00
8,4,2010,29/03/2025,5.00
8,5,2010,29/03/2025,5.00
8,6,2010,29/03/2025,5.00
8,7,2010,29/03/2025,5.00
8,8,2010,29/03/2025,5.00
8,9,2010,29/03/2025,5.00
8,10,2010,29/03/2025,5.00
8,11,2010,29/03/2025,5.00
8,12,2010,29/03/2025,5.00
8,1,2011,29/03/2025,5.00
8,2,2011,29/03/2025,5.00
8,3,2011,29/03/2025,5.00
8,4,2011,29/03/2025,5.00
8,5,2011,29/03/2025,5.00
8,6,2011,29/03/2025,5.00
8,7,2011,29/03/2025,5.00
8,8,2011,29/03/2025,5.00
8,9,2011,29/03/2025,5.00
8,10,2011,29/03/2025,5.00
8,11,2011,29/03/2025,5.00
8,12,2011,29/03/2025,5.00
8,1,2012,29/03/2025,5.00
8,2,2012,29/03/2025,5.00
8,3,2012,29/03/2025,5.00
8,4,2012,29/03/2025,5.00
8,5,2012,29/03/2025,5.00
8,6,2012,29/03/2025,5.00
8,7,2012,29/03/2025,5.00
8,8,2012,29/03/2025,5.00
8,9,2012,29/03/2025,5.00
8,10,2012,29/03/2025,5.00
8,11,2012,29/03/2025,5.00
8,12,2012,29/03/2025,5.00
8,1,2013,29/03/2025,5.00
8,2,2013,29/03/2025,5.00
8,3,2013,29/03/2025,5.00
8,4,2013,29/03/2025,5.00
8,5,2013,29/03/2025,5.00
8,6,2013,29/03/2025,5.00
8,7,2013,29/03/2025,5.00
8,8,2013,29/03/2025,5.00
8,9,2013,29/03/2025,5.00
8,10,2013,29/03/2025,5.00
8,11,2013,29/03/2025,5.00
8,12,2013,29/03/2025,5.00
8,1,2014,29/03/2025,5.00
8,2,2014,29/03/2025,5.00
8,3,2014,29/03/2025,5.00
8,4,2014,29/03/2025,5.00
8,5,2014,29/03/2025,5.00
8,6,2014,29/03/2025,5.00
8,7,2014,29/03/2025,5.00
8,8,2014,29/03/2025,5.00
8,9,2014,29/03/2025,5.00
8,10,2014,29/03/2025,5.00
8,11,2014,29/03/2025,5.00
8,12,2014,29/03/2025,5.00
8,1,2015,29/03/2025,10.00
8,2,2015,29/03/2025,10.00
8,3,2015,29/03/2025,10.00
8,4,2015,29/03/2025,10.00
8,5,2015,29/03/2025,10.00
8,6,2015,29/03/2025,10.00
8,7,2015,29/03/2025,10.00
8,8,2015,29/03/2025,10.00
8,9,2015,29/03/2025,10.00
8,10,2015,29/03/2025,10.00
8,11,2015,29/03/2025,10.00
8,12,2015,29/03/2025,10.00
8,1,2016,29/03/2025,10.00
8,2,2016,29/03/2025,10.00
8,3,2016,29/03/2025,10.00
8,4,2016,29/03/2025,10.00
8,5,2016,29/03/2025,10.00
8,6,2016,29/03/2025,10.00
8,7,2016,29/03/2025,10.00
8,8,2016,29/03/2025,10.00
8,9,2016,29/03/2025,10.00
8,10,2016,29/03/2025,10.00
8,11,2016,29/03/2025,10.00
8,12,2016,29/03/2025,10.00
8,1,2017,29/03/2025,10.00
8,2,2017,29/03/2025,10.00
8,3,2017,29/03/2025,10.00
8,4,2017,29/03/2025,10.00
8,5,2017,29/03/2025,10.00
8,6,2017,29/03/2025,10.00
8,7,2017,29/03/2025,10.00
8,8,2017,29/03/2025,10.00
8,9,2017,29/03/2025,10.00
8,10,2017,29/03/2025,10.00
8,11,2017,29/03/2025,10.00
8,12,2017,29/03/2025,10.00
8,1,2018,29/03/2025,20.00
8,2,2018,29/03/2025,20.00
8,3,2018,29/03/2025,20.00
8,4,2018,29/03/2025,20.00
8,5,2018,29/03/2025,20.00
8,6,2018,29/03/2025,20.00
8,7,2018,29/03/2025,20.00
8,8,2018,29/03/2025,20.00
8,9,2018,29/03/2025,20.00
8,10,2018,29/03/2025,20.00
8,11,2018,29/03/2025,20.00
8,12,2018,29/03/2025,20.00
8,1,2019,29/03/2025,30.00
8,2,2019,29/03/2025,30.00
8,3,2019,29/03/2025,30.00
8,4,2019,29/03/2025,30.00
8,5,2019,29/03/2025,30.00
8,6,2019,29/03/2025,30.00
8,7,2019,29/03/2025,30.00
8,8,2019,29/03/2025,30.00
8,9,2019,29/03/2025,30.00
8,11,2019,29/03/2025,30.00
8,12,2019,29/03/2025,30.00
8,10,2019,29/03/2025,30.00
8,1,2020,29/03/2025,50.00
8,2,2020,29/03/2025,50.00
8,3,2020,29/03/2025,50.00
8,4,2020,29/03/2025,50.00
8,5,2020,29/03/2025,50.00
8,6,2020,29/03/2025,50.00
8,7,2020,29/03/2025,50.00
8,8,2020,29/03/2025,50.00
8,9,2020,29/03/2025,50.00
8,10,2020,29/03/2025,50.00
8,11,2020,29/03/2025,50.00
8,12,2020,29/03/2025,50.00
8,1,2021,29/03/2025,80.00
8,2,2021,29/03/2025,80.00
8,3,2021,29/03/2025,80.00
8,4,2021,29/03/2025,80.00
8,5,2021,29/03/2025,80.00
8,6,2021,29/03/2025,80.00
8,7,2021,29/03/2025,80.00
8,8,2021,29/03/2025,80.00
8,9,2021,29/03/2025,80.00
8,10,2021,29/03/2025,80.00
8,11,2021,29/03/2025,80.00
8,12,2021,29/03/2025,80.00
8,1,2022,29/03/2025,100.00
8,2,2022,29/03/2025,100.00
8,3,2022,29/03/2025,100.00
8,4,2022,29/03/2025,100.00
8,5,2022,29/03/2025,100.00
8,6,2022,29/03/2025,100.00
8,7,2022,29/03/2025,100.00
8,8,2022,29/03/2025,100.00
8,9,2022,29/03/2025,100.00
8,10,2022,29/03/2025,100.00
8,11,2022,29/03/2025,100.00
8,12,2022,29/03/2025,100.00
8,1,2023,29/03/2025,200.00
8,2,2023,29/03/2025,200.00
8,3,2023,29/03/2025,200.00
8,4,2023,29/03/2025,200.00
8,5,2023,29/03/2025,200.00
8,6,2023,29/03/2025,200.00
8,7,2023,29/03/2025,200.00
8,8,2023,29/03/2025,200.00
8,9,2023,29/03/2025,200.00
8,10,2023,29/03/2025,200.00
8,11,2023,29/03/2025,200.00
8,12,2023,29/03/2025,200.00
8,1,2024,29/03/2025,300.00
8,2,2024,29/03/2025,300.00
8,3,2024,29/03/2025,300.00
8,4,2024,29/03/2025,300.00
8,5,2024,29/03/2025,300.00
8,6,2024,29/03/2025,300.00
8,7,2024,29/03/2025,300.00
8,8,2024,29/03/2025,300.00
8,9,2024,29/03/2025,300.00
8,10,2024,29/03/2025,300.00
8,11,2024,29/03/2025,300.00
8,12,2024,29/03/2025,300.00
156,1,1995,29/03/2025,2.00
156,2,1995,29/03/2025,2.00
156,3,1995,29/03/2025,2.00
156,4,1995,29/03/2025,2.00
156,5,1995,29/03/2025,2.00
156,6,1995,29/03/2025,2.00
156,7,1995,29/03/2025,2.00
156,8,1995,29/03/2025,2.00
156,9,1995,29/03/2025,2.00
156,10,1995,29/03/2025,2.00
156,11,1995,29/03/2025,2.00
156,12,1995,29/03/2025,2.00
156,1,1996,29/03/2025,2.00
156,2,1996,29/03/2025,2.00
156,3,1996,29/03/2025,2.00
156,4,1996,29/03/2025,2.00
156,5,1996,29/03/2025,2.00
156,6,1996,29/03/2025,2.00
156,7,1996,29/03/2025,2.00
156,8,1996,29/03/2025,2.00
156,9,1996,29/03/2025,2.00
156,10,1996,29/03/2025,2.00
156,11,1996,29/03/2025,2.00
156,12,1996,29/03/2025,2.00
156,1,1997,29/03/2025,2.00
156,2,1997,29/03/2025,2.00
156,3,1997,29/03/2025,2.00
156,4,1997,29/03/2025,2.00
156,5,1997,29/03/2025,2.00
156,6,1997,29/03/2025,2.00
156,7,1997,29/03/2025,2.00
156,8,1997,29/03/2025,2.00
156,9,1997,29/03/2025,2.00
156,10,1997,29/03/2025,2.00
156,11,1997,29/03/2025,2.00
156,12,1997,29/03/2025,2.00
156,1,1998,29/03/2025,2.00
156,2,1998,29/03/2025,2.00
156,3,1998,29/03/2025,2.00
156,4,1998,29/03/2025,2.00
156,5,1998,29/03/2025,2.00
156,6,1998,29/03/2025,2.00
156,7,1998,29/03/2025,2.00
156,8,1998,29/03/2025,2.00
156,9,1998,29/03/2025,2.00
156,10,1998,29/03/2025,2.00
156,11,1998,29/03/2025,2.00
156,12,1998,29/03/2025,2.00
156,1,1999,29/03/2025,2.00
156,2,1999,29/03/2025,2.00
156,3,1999,29/03/2025,2.00
156,4,1999,29/03/2025,2.00
156,5,1999,29/03/2025,2.00
156,6,1999,29/03/2025,2.00
156,7,1999,29/03/2025,2.00
156,8,1999,29/03/2025,2.00
156,9,1999,29/03/2025,2.00
156,10,1999,29/03/2025,2.00
156,11,1999,29/03/2025,2.00
156,12,1999,29/03/2025,2.00
156,1,2000,29/03/2025,2.00
156,2,2000,29/03/2025,2.00
156,3,2000,29/03/2025,2.00
156,4,2000,29/03/2025,2.00
156,5,2000,29/03/2025,2.00
156,6,2000,29/03/2025,2.00
156,7,2000,29/03/2025,2.00
156,8,2000,29/03/2025,2.00
156,9,2000,29/03/2025,2.00
156,10,2000,29/03/2025,2.00
156,11,2000,29/03/2025,2.00
156,12,2000,29/03/2025,2.00
156,1,2001,29/03/2025,2.00
156,2,2001,29/03/2025,2.00
156,3,2001,29/03/2025,2.00
156,4,2001,29/03/2025,2.00
156,5,2001,29/03/2025,2.00
156,6,2001,29/03/2025,2.00
156,7,2001,29/03/2025,2.00
156,8,2001,29/03/2025,2.00
156,9,2001,29/03/2025,2.00
156,10,2001,29/03/2025,2.00
156,11,2001,29/03/2025,2.00
156,12,2001,29/03/2025,2.00
156,1,2002,29/03/2025,2.00
156,3,2002,29/03/2025,2.00
156,4,2002,29/03/2025,2.00
156,5,2002,29/03/2025,2.00
156,6,2002,29/03/2025,2.00
156,7,2002,29/03/2025,2.00
156,8,2002,29/03/2025,2.00
156,9,2002,29/03/2025,2.00
156,10,2002,29/03/2025,2.00
156,11,2002,29/03/2025,2.00
156,12,2002,29/03/2025,2.00
156,2,2002,29/03/2025,2.00
156,1,2003,29/03/2025,2.00
156,4,2003,29/03/2025,2.00
156,5,2003,29/03/2025,2.00
156,6,2003,29/03/2025,2.00
156,7,2003,29/03/2025,2.00
156,8,2003,29/03/2025,2.00
156,9,2003,29/03/2025,2.00
156,10,2003,29/03/2025,2.00
156,11,2003,29/03/2025,2.00
156,12,2003,29/03/2025,2.00
156,2,2003,29/03/2025,2.00
156,3,2003,29/03/2025,2.00
156,1,2004,29/03/2025,2.00
156,2,2004,29/03/2025,2.00
156,3,2004,29/03/2025,2.00
156,4,2004,29/03/2025,2.00
156,5,2004,29/03/2025,2.00
156,6,2004,29/03/2025,2.00
156,7,2004,29/03/2025,2.00
156,8,2004,29/03/2025,2.00
156,9,2004,29/03/2025,2.00
156,10,2004,29/03/2025,2.00
156,11,2004,29/03/2025,2.00
156,12,2004,29/03/2025,2.00
156,1,2005,29/03/2025,3.00
156,2,2005,29/03/2025,3.00
156,3,2005,29/03/2025,3.00
156,4,2005,29/03/2025,3.00
156,5,2005,29/03/2025,3.00
156,6,2005,29/03/2025,3.00
156,7,2005,29/03/2025,3.00
156,8,2005,29/03/2025,3.00
156,9,2005,29/03/2025,3.00
156,10,2005,29/03/2025,3.00
156,11,2005,29/03/2025,3.00
156,12,2005,29/03/2025,3.00
156,1,2006,29/03/2025,3.00
156,2,2006,29/03/2025,3.00
156,3,2006,29/03/2025,3.00
156,4,2006,29/03/2025,3.00
156,5,2006,29/03/2025,3.00
156,6,2006,29/03/2025,3.00
156,7,2006,29/03/2025,3.00
156,8,2006,29/03/2025,3.00
156,9,2006,29/03/2025,3.00
156,10,2006,29/03/2025,3.00
156,11,2006,29/03/2025,3.00
156,12,2006,29/03/2025,3.00
156,1,2007,29/03/2025,3.00
156,3,2007,29/03/2025,3.00
156,4,2007,29/03/2025,3.00
156,5,2007,29/03/2025,3.00
156,6,2007,29/03/2025,3.00
156,7,2007,29/03/2025,3.00
156,8,2007,29/03/2025,3.00
156,9,2007,29/03/2025,3.00
156,10,2007,29/03/2025,3.00
156,11,2007,29/03/2025,3.00
156,12,2007,29/03/2025,3.00
156,1,2008,29/03/2025,3.00
156,2,2008,29/03/2025,3.00
156,3,2008,29/03/2025,3.00
156,4,2008,29/03/2025,3.00
156,7,2008,29/03/2025,3.00
156,5,2008,29/03/2025,3.00
156,6,2008,29/03/2025,3.00
156,2,2007,29/03/2025,3.00
156,9,2008,29/03/2025,3.00
156,8,2008,29/03/2025,3.00
156,10,2008,29/03/2025,3.00
156,11,2008,29/03/2025,3.00
156,12,2008,29/03/2025,3.00
156,1,2009,29/03/2025,4.00
156,2,2009,29/03/2025,4.00
156,3,2009,29/03/2025,4.00
156,4,2009,29/03/2025,4.00
156,5,2009,29/03/2025,4.00
156,6,2009,29/03/2025,4.00
156,7,2009,29/03/2025,4.00
156,8,2009,29/03/2025,4.00
156,9,2009,29/03/2025,4.00
156,10,2009,29/03/2025,4.00
156,11,2009,29/03/2025,4.00
156,12,2009,29/03/2025,4.00
156,1,2010,29/03/2025,5.00
156,2,2010,29/03/2025,5.00
156,3,2010,29/03/2025,5.00
156,4,2010,29/03/2025,5.00
156,5,2010,29/03/2025,5.00
156,6,2010,29/03/2025,5.00
156,7,2010,29/03/2025,5.00
156,8,2010,29/03/2025,5.00
156,9,2010,29/03/2025,5.00
156,10,2010,29/03/2025,5.00
156,11,2010,29/03/2025,5.00
156,12,2010,29/03/2025,5.00
156,1,2011,29/03/2025,5.00
156,2,2011,29/03/2025,5.00
156,3,2011,29/03/2025,5.00
156,4,2011,29/03/2025,5.00
156,5,2011,29/03/2025,5.00
156,6,2011,29/03/2025,5.00
156,7,2011,29/03/2025,5.00
156,8,2011,29/03/2025,5.00
156,9,2011,29/03/2025,5.00
156,10,2011,29/03/2025,5.00
156,11,2011,29/03/2025,5.00
156,12,2011,29/03/2025,5.00
156,1,2012,29/03/2025,5.00
156,2,2012,29/03/2025,5.00
156,3,2012,29/03/2025,5.00
156,4,2012,29/03/2025,5.00
156,5,2012,29/03/2025,5.00
156,6,2012,29/03/2025,5.00
156,7,2012,29/03/2025,5.00
156,8,2012,29/03/2025,5.00
156,9,2012,29/03/2025,5.00
156,10,2012,29/03/2025,5.00
156,11,2012,29/03/2025,5.00
156,12,2012,29/03/2025,5.00
156,1,2013,29/03/2025,5.00
156,2,2013,29/03/2025,5.00
156,3,2013,29/03/2025,5.00
156,4,2013,29/03/2025,5.00
156,5,2013,29/03/2025,5.00
156,6,2013,29/03/2025,5.00
156,7,2013,29/03/2025,5.00
156,8,2013,29/03/2025,5.00
156,9,2013,29/03/2025,5.00
156,10,2013,29/03/2025,5.00
156,11,2013,29/03/2025,5.00
156,12,2013,29/03/2025,5.00
156,1,2014,29/03/2025,5.00
156,2,2014,29/03/2025,5.00
156,3,2014,29/03/2025,5.00
156,4,2014,29/03/2025,5.00
156,5,2014,29/03/2025,5.00
156,6,2014,29/03/2025,5.00
156,7,2014,29/03/2025,5.00
156,8,2014,29/03/2025,5.00
156,9,2014,29/03/2025,5.00
156,10,2014,29/03/2025,5.00
156,11,2014,29/03/2025,5.00
156,12,2014,29/03/2025,5.00
156,1,2015,29/03/2025,10.00
156,2,2015,29/03/2025,10.00
156,3,2015,29/03/2025,10.00
156,4,2015,29/03/2025,10.00
156,5,2015,29/03/2025,10.00
156,6,2015,29/03/2025,10.00
156,7,2015,29/03/2025,10.00
156,8,2015,29/03/2025,10.00
156,9,2015,29/03/2025,10.00
156,10,2015,29/03/2025,10.00
156,11,2015,29/03/2025,10.00
156,12,2015,29/03/2025,10.00
156,1,2016,29/03/2025,10.00
156,2,2016,29/03/2025,10.00
156,3,2016,29/03/2025,10.00
156,4,2016,29/03/2025,10.00
156,5,2016,29/03/2025,10.00
156,6,2016,29/03/2025,10.00
156,7,2016,29/03/2025,10.00
156,8,2016,29/03/2025,10.00
156,9,2016,29/03/2025,10.00
156,10,2016,29/03/2025,10.00
156,11,2016,29/03/2025,10.00
156,12,2016,29/03/2025,10.00
156,1,2017,29/03/2025,10.00
156,2,2017,29/03/2025,10.00
156,3,2017,29/03/2025,10.00
156,4,2017,29/03/2025,10.00
156,5,2017,29/03/2025,10.00
156,6,2017,29/03/2025,10.00
156,7,2017,29/03/2025,10.00
156,8,2017,29/03/2025,10.00
156,9,2017,29/03/2025,10.00
156,10,2017,29/03/2025,10.00
156,11,2017,29/03/2025,10.00
156,12,2017,29/03/2025,10.00
156,1,2018,29/03/2025,20.00
156,2,2018,29/03/2025,20.00
156,3,2018,29/03/2025,20.00
156,4,2018,29/03/2025,20.00
156,5,2018,29/03/2025,20.00
156,6,2018,29/03/2025,20.00
156,7,2018,29/03/2025,20.00
156,8,2018,29/03/2025,20.00
156,9,2018,29/03/2025,20.00
156,10,2018,29/03/2025,20.00
156,11,2018,29/03/2025,20.00
156,12,2018,29/03/2025,20.00
156,1,2019,29/03/2025,30.00
156,2,2019,29/03/2025,30.00
156,3,2019,29/03/2025,30.00
156,4,2019,29/03/2025,30.00
156,5,2019,29/03/2025,30.00
156,6,2019,29/03/2025,30.00
156,7,2019,29/03/2025,30.00
156,8,2019,29/03/2025,30.00
156,9,2019,29/03/2025,30.00
156,11,2019,29/03/2025,30.00
156,12,2019,29/03/2025,30.00
156,10,2019,29/03/2025,30.00
156,1,2020,29/03/2025,50.00
156,2,2020,29/03/2025,50.00
156,3,2020,29/03/2025,50.00
156,4,2020,29/03/2025,50.00
156,5,2020,29/03/2025,50.00
156,6,2020,29/03/2025,50.00
156,7,2020,29/03/2025,50.00
156,8,2020,29/03/2025,50.00
156,9,2020,29/03/2025,50.00
156,10,2020,29/03/2025,50.00
156,11,2020,29/03/2025,50.00
156,12,2020,29/03/2025,50.00
156,1,2021,29/03/2025,80.00
156,2,2021,29/03/2025,80.00
156,3,2021,29/03/2025,80.00
156,4,2021,29/03/2025,80.00
156,5,2021,29/03/2025,80.00
156,6,2021,29/03/2025,80.00
156,7,2021,29/03/2025,80.00
156,8,2021,29/03/2025,80.00
156,9,2021,29/03/2025,80.00
156,10,2021,29/03/2025,80.00
156,11,2021,29/03/2025,80.00
156,12,2021,29/03/2025,80.00
156,1,2022,29/03/2025,100.00
156,2,2022,29/03/2025,100.00
156,3,2022,29/03/2025,100.00
156,4,2022,29/03/2025,100.00
156,5,2022,29/03/2025,100.00
156,6,2022,29/03/2025,100.00
156,7,2022,29/03/2025,100.00
156,8,2022,29/03/2025,100.00
156,9,2022,29/03/2025,100.00
156,10,2022,29/03/2025,100.00
156,11,2022,29/03/2025,100.00
156,12,2022,29/03/2025,100.00
156,1,2023,29/03/2025,200.00
156,2,2023,29/03/2025,200.00
156,3,2023,29/03/2025,200.00
156,4,2023,29/03/2025,200.00
156,5,2023,29/03/2025,200.00
156,6,2023,29/03/2025,200.00
156,7,2023,29/03/2025,200.00
156,8,2023,29/03/2025,200.00
156,9,2023,29/03/2025,200.00
156,10,2023,29/03/2025,200.00
156,11,2023,29/03/2025,200.00
156,12,2023,29/03/2025,200.00
156,1,2024,29/03/2025,300.00
156,2,2024,29/03/2025,300.00
156,3,2024,29/03/2025,300.00
156,4,2024,29/03/2025,300.00
156,5,2024,29/03/2025,300.00
156,6,2024,29/03/2025,300.00
156,7,2024,29/03/2025,300.00
156,8,2024,29/03/2025,300.00
156,9,2024,29/03/2025,300.00
156,10,2024,29/03/2025,300.00
156,11,2024,29/03/2025,300.00
156,12,2024,29/03/2025,300.00
156,1,2025,29/03/2025,600.00
156,2,2025,29/03/2025,600.00
1662,1,1997,29/03/2025,2.00
1662,2,1997,29/03/2025,2.00
1662,3,1997,29/03/2025,2.00
1662,4,1997,29/03/2025,2.00
1662,5,1997,29/03/2025,2.00
1662,6,1997,29/03/2025,2.00
1662,7,1997,29/03/2025,2.00
1662,8,1997,29/03/2025,2.00
1662,9,1997,29/03/2025,2.00
1662,10,1997,29/03/2025,2.00
1662,11,1997,29/03/2025,2.00
1662,12,1997,29/03/2025,2.00
1662,1,1998,29/03/2025,2.00
1662,2,1998,29/03/2025,2.00
1662,3,1998,29/03/2025,2.00
1662,4,1998,29/03/2025,2.00
1662,5,1998,29/03/2025,2.00
1662,6,1998,29/03/2025,2.00
1662,7,1998,29/03/2025,2.00
1662,8,1998,29/03/2025,2.00
1662,9,1998,29/03/2025,2.00
1662,10,1998,29/03/2025,2.00
1662,11,1998,29/03/2025,2.00
1662,12,1998,29/03/2025,2.00
1662,1,1999,29/03/2025,2.00
1662,2,1999,29/03/2025,2.00
1662,3,1999,29/03/2025,2.00
1662,4,1999,29/03/2025,2.00
1662,5,1999,29/03/2025,2.00
1662,6,1999,29/03/2025,2.00
1662,7,1999,29/03/2025,2.00
1662,8,1999,29/03/2025,2.00
1662,9,1999,29/03/2025,2.00
1662,10,1999,29/03/2025,2.00
1662,11,1999,29/03/2025,2.00
1662,12,1999,29/03/2025,2.00
1662,1,2000,29/03/2025,2.00
1662,2,2000,29/03/2025,2.00
1662,3,2000,29/03/2025,2.00
1662,4,2000,29/03/2025,2.00
1662,5,2000,29/03/2025,2.00
1662,6,2000,29/03/2025,2.00
1662,7,2000,29/03/2025,2.00
1662,8,2000,29/03/2025,2.00
1662,9,2000,29/03/2025,2.00
1662,10,2000,29/03/2025,2.00
1662,11,2000,29/03/2025,2.00
1662,12,2000,29/03/2025,2.00
1662,1,2001,29/03/2025,2.00
1662,2,2001,29/03/2025,2.00
1662,3,2001,29/03/2025,2.00
1662,4,2001,29/03/2025,2.00
1662,5,2001,29/03/2025,2.00
1662,6,2001,29/03/2025,2.00
1662,7,2001,29/03/2025,2.00
1662,8,2001,29/03/2025,2.00
1662,9,2001,29/03/2025,2.00
1662,10,2001,29/03/2025,2.00
1662,11,2001,29/03/2025,2.00
1662,12,2001,29/03/2025,2.00
1662,1,2002,29/03/2025,2.00
1662,3,2002,29/03/2025,2.00
1662,4,2002,29/03/2025,2.00
1662,5,2002,29/03/2025,2.00
1662,6,2002,29/03/2025,2.00
1662,7,2002,29/03/2025,2.00
1662,8,2002,29/03/2025,2.00
1662,9,2002,29/03/2025,2.00
1662,10,2002,29/03/2025,2.00
1662,11,2002,29/03/2025,2.00
1662,12,2002,29/03/2025,2.00
1662,2,2002,29/03/2025,2.00
1662,1,2003,29/03/2025,2.00
1662,4,2003,29/03/2025,2.00
1662,5,2003,29/03/2025,2.00
1662,6,2003,29/03/2025,2.00
1662,7,2003,29/03/2025,2.00
1662,8,2003,29/03/2025,2.00
1662,9,2003,29/03/2025,2.00
1662,10,2003,29/03/2025,2.00
1662,11,2003,29/03/2025,2.00
1662,12,2003,29/03/2025,2.00
1662,2,2003,29/03/2025,2.00
1662,3,2003,29/03/2025,2.00
1662,1,2004,29/03/2025,2.00
1662,2,2004,29/03/2025,2.00
1662,3,2004,29/03/2025,2.00
1662,4,2004,29/03/2025,2.00
1662,5,2004,29/03/2025,2.00
1662,6,2004,29/03/2025,2.00
1662,7,2004,29/03/2025,2.00
1662,8,2004,29/03/2025,2.00
1662,9,2004,29/03/2025,2.00
1662,10,2004,29/03/2025,2.00
1662,11,2004,29/03/2025,2.00
1662,12,2004,29/03/2025,2.00
1662,1,2005,29/03/2025,3.00
1662,2,2005,29/03/2025,3.00
1662,3,2005,29/03/2025,3.00
1662,4,2005,29/03/2025,3.00
1662,5,2005,29/03/2025,3.00
1662,6,2005,29/03/2025,3.00
1662,7,2005,29/03/2025,3.00
1662,8,2005,29/03/2025,3.00
1662,9,2005,29/03/2025,3.00
1662,10,2005,29/03/2025,3.00
1662,11,2005,29/03/2025,3.00
1662,12,2005,29/03/2025,3.00
1662,1,2006,29/03/2025,3.00
1662,2,2006,29/03/2025,3.00
1662,3,2006,29/03/2025,3.00
1662,4,2006,29/03/2025,3.00
1662,5,2006,29/03/2025,3.00
1662,6,2006,29/03/2025,3.00
1662,7,2006,29/03/2025,3.00
1662,8,2006,29/03/2025,3.00
1662,9,2006,29/03/2025,3.00
1662,10,2006,29/03/2025,3.00
1662,11,2006,29/03/2025,3.00
1662,12,2006,29/03/2025,3.00
1662,1,2007,29/03/2025,3.00
1662,3,2007,29/03/2025,3.00
1662,4,2007,29/03/2025,3.00
1662,5,2007,29/03/2025,3.00
1662,6,2007,29/03/2025,3.00
1662,7,2007,29/03/2025,3.00
1662,8,2007,29/03/2025,3.00
1662,9,2007,29/03/2025,3.00
1662,10,2007,29/03/2025,3.00
1662,11,2007,29/03/2025,3.00
1662,12,2007,29/03/2025,3.00
1662,1,2008,29/03/2025,3.00
1662,2,2008,29/03/2025,3.00
1662,3,2008,29/03/2025,3.00
1662,4,2008,29/03/2025,3.00
1662,7,2008,29/03/2025,3.00
1662,5,2008,29/03/2025,3.00
1662,6,2008,29/03/2025,3.00
1662,2,2007,29/03/2025,3.00
1662,9,2008,29/03/2025,3.00
1662,8,2008,29/03/2025,3.00
1662,10,2008,29/03/2025,3.00
1662,11,2008,29/03/2025,3.00
1662,12,2008,29/03/2025,3.00
1662,1,2009,29/03/2025,4.00
1662,2,2009,29/03/2025,4.00
1662,3,2009,29/03/2025,4.00
1662,4,2009,29/03/2025,4.00
1662,5,2009,29/03/2025,4.00
1662,6,2009,29/03/2025,4.00
1662,7,2009,29/03/2025,4.00
1662,8,2009,29/03/2025,4.00
1662,9,2009,29/03/2025,4.00
1662,10,2009,29/03/2025,4.00
1662,11,2009,29/03/2025,4.00
1662,12,2009,29/03/2025,4.00
1662,1,2010,29/03/2025,5.00
1662,2,2010,29/03/2025,5.00
1662,3,2010,29/03/2025,5.00
1662,4,2010,29/03/2025,5.00
1662,5,2010,29/03/2025,5.00
1662,6,2010,29/03/2025,5.00
1662,7,2010,29/03/2025,5.00
1662,8,2010,29/03/2025,5.00
1662,9,2010,29/03/2025,5.00
1662,10,2010,29/03/2025,5.00
1662,11,2010,29/03/2025,5.00
1662,12,2010,29/03/2025,5.00
1662,1,2011,29/03/2025,5.00
1662,2,2011,29/03/2025,5.00
1662,3,2011,29/03/2025,5.00
1662,4,2011,29/03/2025,5.00
1662,5,2011,29/03/2025,5.00
1662,6,2011,29/03/2025,5.00
1662,7,2011,29/03/2025,5.00
1662,8,2011,29/03/2025,5.00
1662,9,2011,29/03/2025,5.00
1662,10,2011,29/03/2025,5.00
1662,11,2011,29/03/2025,5.00
1662,12,2011,29/03/2025,5.00
1662,1,2012,29/03/2025,5.00
1662,2,2012,29/03/2025,5.00
1662,3,2012,29/03/2025,5.00
1662,4,2012,29/03/2025,5.00
1662,5,2012,29/03/2025,5.00
1662,6,2012,29/03/2025,5.00
1662,7,2012,29/03/2025,5.00
1662,8,2012,29/03/2025,5.00
1662,9,2012,29/03/2025,5.00
1662,10,2012,29/03/2025,5.00
1662,11,2012,29/03/2025,5.00
1662,12,2012,29/03/2025,5.00
1662,1,2013,29/03/2025,5.00
1662,2,2013,29/03/2025,5.00
1662,3,2013,29/03/2025,5.00
1662,4,2013,29/03/2025,5.00
1662,5,2013,29/03/2025,5.00
1662,6,2013,29/03/2025,5.00
1662,7,2013,29/03/2025,5.00
1662,8,2013,29/03/2025,5.00
1662,9,2013,29/03/2025,5.00
1662,10,2013,29/03/2025,5.00
1662,11,2013,29/03/2025,5.00
1662,12,2013,29/03/2025,5.00
1662,1,2014,29/03/2025,5.00
1662,2,2014,29/03/2025,5.00
1662,3,2014,29/03/2025,5.00
1662,4,2014,29/03/2025,5.00
1662,5,2014,29/03/2025,5.00
1662,6,2014,29/03/2025,5.00
1662,7,2014,29/03/2025,5.00
1662,8,2014,29/03/2025,5.00
1662,9,2014,29/03/2025,5.00
1662,10,2014,29/03/2025,5.00
1662,11,2014,29/03/2025,5.00
1662,12,2014,29/03/2025,5.00
1662,1,2015,29/03/2025,10.00
1662,2,2015,29/03/2025,10.00
1662,3,2015,29/03/2025,10.00
1662,4,2015,29/03/2025,10.00
1662,5,2015,29/03/2025,10.00
1662,6,2015,29/03/2025,10.00
1662,7,2015,29/03/2025,10.00
1662,8,2015,29/03/2025,10.00
1662,9,2015,29/03/2025,10.00
1662,10,2015,29/03/2025,10.00
1662,11,2015,29/03/2025,10.00
1662,12,2015,29/03/2025,10.00
1662,1,2016,29/03/2025,10.00
1662,2,2016,29/03/2025,10.00
1662,3,2016,29/03/2025,10.00
1662,4,2016,29/03/2025,10.00
1662,5,2016,29/03/2025,10.00
1662,6,2016,29/03/2025,10.00
1662,7,2016,29/03/2025,10.00
1662,8,2016,29/03/2025,10.00
1662,9,2016,29/03/2025,10.00
1662,10,2016,29/03/2025,10.00
1662,11,2016,29/03/2025,10.00
1662,12,2016,29/03/2025,10.00
1662,1,2017,29/03/2025,10.00
1662,2,2017,29/03/2025,10.00
1662,3,2017,29/03/2025,10.00
1662,4,2017,29/03/2025,10.00
1662,5,2017,29/03/2025,10.00
1662,6,2017,29/03/2025,10.00
1662,7,2017,29/03/2025,10.00
1662,8,2017,29/03/2025,10.00
1662,9,2017,29/03/2025,10.00
1662,10,2017,29/03/2025,10.00
1662,11,2017,29/03/2025,10.00
1662,12,2017,29/03/2025,10.00
1662,1,2018,29/03/2025,20.00
1662,2,2018,29/03/2025,20.00
1662,3,2018,29/03/2025,20.00
1662,4,2018,29/03/2025,20.00
1662,5,2018,29/03/2025,20.00
1662,6,2018,29/03/2025,20.00
1662,7,2018,29/03/2025,20.00
1662,8,2018,29/03/2025,20.00
1662,9,2018,29/03/2025,20.00
1662,10,2018,29/03/2025,20.00
1662,11,2018,29/03/2025,20.00
1662,12,2018,29/03/2025,20.00
1662,1,2019,29/03/2025,30.00
1662,2,2019,29/03/2025,30.00
1662,3,2019,29/03/2025,30.00
1662,4,2019,29/03/2025,30.00
1662,5,2019,29/03/2025,30.00
1662,6,2019,29/03/2025,30.00
1662,7,2019,29/03/2025,30.00
1662,8,2019,29/03/2025,30.00
1662,9,2019,29/03/2025,30.00
1662,11,2019,29/03/2025,30.00
1662,12,2019,29/03/2025,30.00
1662,10,2019,29/03/2025,30.00
1662,1,2020,29/03/2025,50.00
1662,2,2020,29/03/2025,50.00
1662,3,2020,29/03/2025,50.00
1662,4,2020,29/03/2025,50.00
1662,5,2020,29/03/2025,50.00
1662,6,2020,29/03/2025,50.00
1662,7,2020,29/03/2025,50.00
1662,8,2020,29/03/2025,50.00
1662,9,2020,29/03/2025,50.00
1662,10,2020,29/03/2025,50.00
1662,11,2020,29/03/2025,50.00
1662,12,2020,29/03/2025,50.00
1662,1,2021,29/03/2025,80.00
1662,2,2021,29/03/2025,80.00
1662,3,2021,29/03/2025,80.00
1662,4,2021,29/03/2025,80.00
1662,5,2021,29/03/2025,80.00
1662,6,2021,29/03/2025,80.00
1662,7,2021,29/03/2025,80.00
1662,8,2021,29/03/2025,80.00
1662,9,2021,29/03/2025,80.00
1662,10,2021,29/03/2025,80.00
1662,11,2021,29/03/2025,80.00
1662,12,2021,29/03/2025,80.00
1662,1,2022,29/03/2025,100.00
1662,2,2022,29/03/2025,100.00
1662,3,2022,29/03/2025,100.00
1662,4,2022,29/03/2025,100.00
1662,5,2022,29/03/2025,100.00
1662,6,2022,29/03/2025,100.00
1662,7,2022,29/03/2025,100.00
1662,8,2022,29/03/2025,100.00
1662,9,2022,29/03/2025,100.00
1662,10,2022,29/03/2025,100.00
1662,11,2022,29/03/2025,100.00
1662,12,2022,29/03/2025,100.00
1662,1,2023,29/03/2025,200.00
1662,2,2023,29/03/2025,200.00
1662,3,2023,29/03/2025,200.00
1662,4,2023,29/03/2025,200.00
1662,5,2023,29/03/2025,200.00
1662,6,2023,29/03/2025,200.00
1662,7,2023,29/03/2025,200.00
1662,8,2023,29/03/2025,200.00
1662,9,2023,29/03/2025,200.00
1662,10,2023,29/03/2025,200.00
1662,11,2023,29/03/2025,200.00
1662,12,2023,29/03/2025,200.00
1662,1,2024,29/03/2025,300.00
1662,2,2024,29/03/2025,300.00
1662,3,2024,29/03/2025,300.00
1662,4,2024,29/03/2025,300.00
1662,5,2024,29/03/2025,300.00
1662,6,2024,29/03/2025,300.00
1662,7,2024,29/03/2025,300.00
1662,8,2024,29/03/2025,300.00
1662,9,2024,29/03/2025,300.00
1662,10,2024,29/03/2025,300.00
1662,11,2024,29/03/2025,300.00
1662,12,2024,29/03/2025,300.00
1662,1,2025,29/03/2025,600.00
1662,2,2025,29/03/2025,600.00
2904,10,1997,29/03/2025,2.00
2904,11,1997,29/03/2025,2.00
2904,12,1997,29/03/2025,2.00
2904,1,1998,29/03/2025,2.00
2904,2,1998,29/03/2025,2.00
2904,3,1998,29/03/2025,2.00
2904,4,1998,29/03/2025,2.00
2904,5,1998,29/03/2025,2.00
2904,6,1998,29/03/2025,2.00
2904,7,1998,29/03/2025,2.00
2904,8,1998,29/03/2025,2.00
2904,9,1998,29/03/2025,2.00
2904,10,1998,29/03/2025,2.00
2904,11,1998,29/03/2025,2.00
2904,12,1998,29/03/2025,2.00
2904,1,1999,29/03/2025,2.00
2904,2,1999,29/03/2025,2.00
2904,3,1999,29/03/2025,2.00
2904,4,1999,29/03/2025,2.00
2904,5,1999,29/03/2025,2.00
2904,6,1999,29/03/2025,2.00
2904,7,1999,29/03/2025,2.00
2904,8,1999,29/03/2025,2.00
2904,9,1999,29/03/2025,2.00
2904,10,1999,29/03/2025,2.00
2904,11,1999,29/03/2025,2.00
2904,12,1999,29/03/2025,2.00
2904,1,2000,29/03/2025,2.00
2904,2,2000,29/03/2025,2.00
2904,3,2000,29/03/2025,2.00
2904,4,2000,29/03/2025,2.00
2904,5,2000,29/03/2025,2.00
2904,6,2000,29/03/2025,2.00
2904,7,2000,29/03/2025,2.00
2904,8,2000,29/03/2025,2.00
2904,9,2000,29/03/2025,2.00
2904,10,2000,29/03/2025,2.00
2904,11,2000,29/03/2025,2.00
2904,12,2000,29/03/2025,2.00
2904,1,2001,29/03/2025,2.00
2904,2,2001,29/03/2025,2.00
2904,3,2001,29/03/2025,2.00
2904,4,2001,29/03/2025,2.00
2904,5,2001,29/03/2025,2.00
2904,6,2001,29/03/2025,2.00
2904,7,2001,29/03/2025,2.00
2904,8,2001,29/03/2025,2.00
2904,9,2001,29/03/2025,2.00
2904,10,2001,29/03/2025,2.00
2904,11,2001,29/03/2025,2.00
2904,12,2001,29/03/2025,2.00
2904,1,2002,29/03/2025,2.00
2904,3,2002,29/03/2025,2.00
2904,4,2002,29/03/2025,2.00
2904,5,2002,29/03/2025,2.00
2904,6,2002,29/03/2025,2.00
2904,7,2002,29/03/2025,2.00
2904,8,2002,29/03/2025,2.00
2904,9,2002,29/03/2025,2.00
2904,10,2002,29/03/2025,2.00
2904,11,2002,29/03/2025,2.00
2904,12,2002,29/03/2025,2.00
2904,2,2002,29/03/2025,2.00
2904,1,2003,29/03/2025,2.00
2904,3,2003,29/03/2025,2.00
2904,4,2003,29/03/2025,2.00
2904,5,2003,29/03/2025,2.00
2904,6,2003,29/03/2025,2.00
2904,7,2003,29/03/2025,2.00
2904,8,2003,29/03/2025,2.00
2904,9,2003,29/03/2025,2.00
2904,10,2003,29/03/2025,2.00
2904,11,2003,29/03/2025,2.00
2904,12,2003,29/03/2025,2.00
2904,2,2003,29/03/2025,2.00
2904,1,2004,29/03/2025,2.00
2904,2,2004,29/03/2025,2.00
2904,3,2004,29/03/2025,2.00
2904,4,2004,29/03/2025,2.00
2904,5,2004,29/03/2025,2.00
2904,6,2004,29/03/2025,2.00
2904,7,2004,29/03/2025,2.00
2904,8,2004,29/03/2025,2.00
2904,9,2004,29/03/2025,2.00
2904,10,2004,29/03/2025,2.00
2904,11,2004,29/03/2025,2.00
2904,12,2004,29/03/2025,2.00
2904,1,2005,29/03/2025,3.00
2904,2,2005,29/03/2025,3.00
2904,3,2005,29/03/2025,3.00
2904,4,2005,29/03/2025,3.00
2904,5,2005,29/03/2025,3.00
2904,6,2005,29/03/2025,3.00
2904,7,2005,29/03/2025,3.00
2904,8,2005,29/03/2025,3.00
2904,9,2005,29/03/2025,3.00
2904,10,2005,29/03/2025,3.00
2904,11,2005,29/03/2025,3.00
2904,12,2005,29/03/2025,3.00
2904,1,2006,29/03/2025,3.00
2904,2,2006,29/03/2025,3.00
2904,3,2006,29/03/2025,3.00
2904,4,2006,29/03/2025,3.00
2904,5,2006,29/03/2025,3.00
2904,6,2006,29/03/2025,3.00
2904,7,2006,29/03/2025,3.00
2904,8,2006,29/03/2025,3.00
2904,9,2006,29/03/2025,3.00
2904,10,2006,29/03/2025,3.00
2904,11,2006,29/03/2025,3.00
2904,12,2006,29/03/2025,3.00
2904,1,2007,29/03/2025,3.00
2904,3,2007,29/03/2025,3.00
2904,4,2007,29/03/2025,3.00
2904,5,2007,29/03/2025,3.00
2904,6,2007,29/03/2025,3.00
2904,7,2007,29/03/2025,3.00
2904,8,2007,29/03/2025,3.00
2904,9,2007,29/03/2025,3.00
2904,10,2007,29/03/2025,3.00
2904,11,2007,29/03/2025,3.00
2904,12,2007,29/03/2025,3.00
2904,1,2008,29/03/2025,3.00
2904,2,2008,29/03/2025,3.00
2904,3,2008,29/03/2025,3.00
2904,4,2008,29/03/2025,3.00
2904,7,2008,29/03/2025,3.00
2904,5,2008,29/03/2025,3.00
2904,6,2008,29/03/2025,3.00
2904,2,2007,29/03/2025,3.00
2904,9,2008,29/03/2025,3.00
2904,8,2008,29/03/2025,3.00
2904,10,2008,29/03/2025,3.00
2904,11,2008,29/03/2025,3.00
2904,12,2008,29/03/2025,3.00
2904,1,2009,29/03/2025,4.00
2904,2,2009,29/03/2025,4.00
2904,3,2009,29/03/2025,4.00
2904,4,2009,29/03/2025,4.00
2904,5,2009,29/03/2025,4.00
2904,6,2009,29/03/2025,4.00
2904,7,2009,29/03/2025,4.00
2904,8,2009,29/03/2025,4.00
2904,9,2009,29/03/2025,4.00
2904,10,2009,29/03/2025,4.00
2904,11,2009,29/03/2025,4.00
2904,12,2009,29/03/2025,4.00
2904,1,2010,29/03/2025,4.00
2904,2,2010,29/03/2025,4.00
2904,3,2010,29/03/2025,4.00
2904,4,2010,29/03/2025,5.00
2904,5,2010,29/03/2025,5.00
2904,6,2010,29/03/2025,5.00
2904,7,2010,29/03/2025,5.00
2904,8,2010,29/03/2025,5.00
2904,9,2010,29/03/2025,5.00
2904,10,2010,29/03/2025,5.00
2904,11,2010,29/03/2025,5.00
2904,12,2010,29/03/2025,5.00
2904,1,2011,29/03/2025,5.00
2904,2,2011,29/03/2025,5.00
2904,3,2011,29/03/2025,5.00
2904,4,2011,29/03/2025,5.00
2904,5,2011,29/03/2025,5.00
2904,6,2011,29/03/2025,5.00
2904,7,2011,29/03/2025,5.00
2904,8,2011,29/03/2025,5.00
2904,9,2011,29/03/2025,5.00
2904,10,2011,29/03/2025,5.00
2904,11,2011,29/03/2025,5.00
2904,12,2011,29/03/2025,5.00
2904,1,2012,29/03/2025,5.00
2904,2,2012,29/03/2025,5.00
2904,3,2012,29/03/2025,5.00
2904,4,2012,29/03/2025,5.00
2904,5,2012,29/03/2025,5.00
2904,6,2012,29/03/2025,5.00
2904,7,2012,29/03/2025,5.00
2904,8,2012,29/03/2025,5.00
2904,9,2012,29/03/2025,5.00
2904,10,2012,29/03/2025,5.00
2904,11,2012,29/03/2025,5.00
2904,12,2012,29/03/2025,5.00
2904,1,2013,29/03/2025,5.00
2904,2,2013,29/03/2025,5.00
2904,3,2013,29/03/2025,5.00
2904,4,2013,29/03/2025,5.00
2904,5,2013,29/03/2025,5.00
2904,6,2013,29/03/2025,5.00
2904,7,2013,29/03/2025,5.00
2904,8,2013,29/03/2025,5.00
2904,9,2013,29/03/2025,5.00
2904,10,2013,29/03/2025,5.00
2904,11,2013,29/03/2025,5.00
2904,12,2013,29/03/2025,5.00
2904,1,2014,29/03/2025,5.00
2904,2,2014,29/03/2025,5.00
2904,3,2014,29/03/2025,5.00
2904,4,2014,29/03/2025,5.00
2904,5,2014,29/03/2025,5.00
2904,6,2014,29/03/2025,5.00
2904,7,2014,29/03/2025,5.00
2904,8,2014,29/03/2025,5.00
2904,9,2014,29/03/2025,5.00
2904,10,2014,29/03/2025,5.00
2904,11,2014,29/03/2025,5.00
2904,12,2014,29/03/2025,5.00
2904,1,2015,29/03/2025,10.00
2904,2,2015,29/03/2025,10.00
2904,3,2015,29/03/2025,10.00
2904,4,2015,29/03/2025,10.00
2904,5,2015,29/03/2025,10.00
2904,6,2015,29/03/2025,10.00
2904,7,2015,29/03/2025,10.00
2904,8,2015,29/03/2025,10.00
2904,9,2015,29/03/2025,10.00
2904,10,2015,29/03/2025,10.00
2904,11,2015,29/03/2025,10.00
2904,12,2015,29/03/2025,10.00
2904,1,2016,29/03/2025,10.00
2904,2,2016,29/03/2025,10.00
2904,3,2016,29/03/2025,10.00
2904,4,2016,29/03/2025,10.00
2904,5,2016,29/03/2025,10.00
2904,6,2016,29/03/2025,10.00
2904,7,2016,29/03/2025,10.00
2904,8,2016,29/03/2025,10.00
2904,9,2016,29/03/2025,10.00
2904,10,2016,29/03/2025,10.00
2904,11,2016,29/03/2025,10.00
2904,12,2016,29/03/2025,10.00
2904,1,2017,29/03/2025,10.00
2904,2,2017,29/03/2025,10.00
2904,3,2017,29/03/2025,10.00
2904,4,2017,29/03/2025,10.00
2904,5,2017,29/03/2025,10.00
2904,6,2017,29/03/2025,10.00
2904,7,2017,29/03/2025,10.00
2904,8,2017,29/03/2025,10.00
2904,9,2017,29/03/2025,10.00
2904,10,2017,29/03/2025,10.00
2904,11,2017,29/03/2025,10.00
2904,12,2017,29/03/2025,10.00
2904,1,2018,29/03/2025,20.00
2904,2,2018,29/03/2025,20.00
2904,3,2018,29/03/2025,20.00
2904,4,2018,29/03/2025,20.00
2904,5,2018,29/03/2025,20.00
2904,6,2018,29/03/2025,20.00
2904,7,2018,29/03/2025,20.00
2904,8,2018,29/03/2025,20.00
2904,9,2018,29/03/2025,20.00
2904,10,2018,29/03/2025,20.00
2904,11,2018,29/03/2025,20.00
2904,12,2018,29/03/2025,20.00
2904,1,2019,29/03/2025,30.00
2904,2,2019,29/03/2025,30.00
2904,3,2019,29/03/2025,30.00
2904,4,2019,29/03/2025,30.00
2904,5,2019,29/03/2025,30.00
2904,6,2019,29/03/2025,30.00
2904,7,2019,29/03/2025,30.00
2904,8,2019,29/03/2025,30.00
2904,9,2019,29/03/2025,30.00
2904,11,2019,29/03/2025,30.00
2904,12,2019,29/03/2025,30.00
2904,10,2019,29/03/2025,30.00
2904,1,2020,29/03/2025,50.00
2904,2,2020,29/03/2025,50.00
2904,3,2020,29/03/2025,50.00
2904,4,2020,29/03/2025,50.00
2904,5,2020,29/03/2025,50.00
2904,6,2020,29/03/2025,50.00
2904,7,2020,29/03/2025,50.00
2904,8,2020,29/03/2025,50.00
2904,9,2020,29/03/2025,50.00
2904,10,2020,29/03/2025,50.00
2904,11,2020,29/03/2025,50.00
2904,12,2020,29/03/2025,50.00
2904,1,2021,29/03/2025,80.00
2904,2,2021,29/03/2025,80.00
2904,3,2021,29/03/2025,80.00
2904,4,2021,29/03/2025,80.00
2904,5,2021,29/03/2025,80.00
2904,6,2021,29/03/2025,80.00
2904,7,2021,29/03/2025,80.00
2904,8,2021,29/03/2025,80.00
2904,9,2021,29/03/2025,80.00
2904,10,2021,29/03/2025,80.00
2904,11,2021,29/03/2025,80.00
2904,12,2021,29/03/2025,80.00
2904,1,2022,29/03/2025,100.00
2904,2,2022,29/03/2025,100.00
2904,3,2022,29/03/2025,100.00
2904,4,2022,29/03/2025,100.00
2904,5,2022,29/03/2025,100.00
2904,6,2022,29/03/2025,100.00
2904,7,2022,29/03/2025,100.00
2904,8,2022,29/03/2025,100.00
2904,9,2022,29/03/2025,100.00
2904,10,2022,29/03/2025,100.00
2904,11,2022,29/03/2025,100.00
2904,12,2022,29/03/2025,100.00
2904,1,2023,29/03/2025,200.00
2904,2,2023,29/03/2025,200.00
2904,3,2023,29/03/2025,200.00
2904,4,2023,29/03/2025,200.00
2904,5,2023,29/03/2025,200.00
2904,6,2023,29/03/2025,200.00
2904,7,2023,29/03/2025,200.00
2904,8,2023,29/03/2025,200.00
2904,9,2023,29/03/2025,200.00
2904,10,2023,29/03/2025,200.00
2904,11,2023,29/03/2025,200.00
2904,12,2023,29/03/2025,200.00
4906,7,2011,29/03/2025,5.00
4906,8,2011,29/03/2025,5.00
4906,9,2011,29/03/2025,5.00
4906,10,2011,29/03/2025,5.00
4906,11,2011,29/03/2025,5.00
4906,12,2011,29/03/2025,5.00
4906,1,2012,29/03/2025,5.00
4906,2,2012,29/03/2025,5.00
4906,3,2012,29/03/2025,5.00
4906,4,2012,29/03/2025,5.00
4906,5,2012,29/03/2025,5.00
4906,6,2012,29/03/2025,5.00
4906,7,2012,29/03/2025,5.00
4906,8,2012,29/03/2025,5.00
4906,9,2012,29/03/2025,5.00
4906,10,2012,29/03/2025,5.00
4906,11,2012,29/03/2025,5.00
4906,12,2012,29/03/2025,5.00
4906,1,2013,29/03/2025,5.00
4906,2,2013,29/03/2025,5.00
4906,3,2013,29/03/2025,5.00
4906,4,2013,29/03/2025,5.00
4906,5,2013,29/03/2025,5.00
4906,6,2013,29/03/2025,5.00
4906,7,2013,29/03/2025,5.00
4906,8,2013,29/03/2025,5.00
4906,9,2013,29/03/2025,5.00
4906,10,2013,29/03/2025,5.00
4906,11,2013,29/03/2025,5.00
4906,12,2013,29/03/2025,5.00
4906,1,2014,29/03/2025,5.00
4906,2,2014,29/03/2025,5.00
4906,3,2014,29/03/2025,5.00
4906,4,2014,29/03/2025,5.00
4906,5,2014,29/03/2025,5.00
4906,6,2014,29/03/2025,5.00
4906,7,2014,29/03/2025,5.00
4906,8,2014,29/03/2025,5.00
4906,9,2014,29/03/2025,5.00
4906,10,2014,29/03/2025,5.00
4906,11,2014,29/03/2025,5.00
4906,12,2014,29/03/2025,5.00
4906,1,2015,29/03/2025,10.00
4906,2,2015,29/03/2025,10.00
4906,3,2015,29/03/2025,10.00
4906,4,2015,29/03/2025,10.00
4906,5,2015,29/03/2025,10.00
4906,6,2015,29/03/2025,10.00
4906,7,2015,29/03/2025,10.00
4906,8,2015,29/03/2025,10.00
4906,9,2015,29/03/2025,10.00
4906,10,2015,29/03/2025,10.00
4906,11,2015,29/03/2025,10.00
4906,12,2015,29/03/2025,10.00
4906,1,2016,29/03/2025,10.00
4906,2,2016,29/03/2025,10.00
4906,3,2016,29/03/2025,10.00
4906,4,2016,29/03/2025,10.00
4906,5,2016,29/03/2025,10.00
4906,6,2016,29/03/2025,10.00
4906,7,2016,29/03/2025,10.00
4906,8,2016,29/03/2025,10.00
4906,9,2016,29/03/2025,10.00
4906,10,2016,29/03/2025,10.00
4906,11,2016,29/03/2025,10.00
4906,12,2016,29/03/2025,10.00
4906,1,2017,29/03/2025,10.00
4906,2,2017,29/03/2025,10.00
4906,3,2017,29/03/2025,10.00
4906,4,2017,29/03/2025,10.00
4906,5,2017,29/03/2025,10.00
4906,6,2017,29/03/2025,10.00
4906,7,2017,29/03/2025,10.00
4906,8,2017,29/03/2025,10.00
4906,9,2017,29/03/2025,10.00
4906,10,2017,29/03/2025,10.00
4906,11,2017,29/03/2025,10.00
4906,12,2017,29/03/2025,10.00
4906,1,2018,29/03/2025,20.00
4906,2,2018,29/03/2025,20.00
4906,3,2018,29/03/2025,20.00
4906,4,2018,29/03/2025,20.00
4906,5,2018,29/03/2025,20.00
4906,6,2018,29/03/2025,20.00
4906,7,2018,29/03/2025,20.00
4906,8,2018,29/03/2025,20.00
4906,9,2018,29/03/2025,20.00
4906,10,2018,29/03/2025,20.00
4906,11,2018,29/03/2025,20.00
4906,12,2018,29/03/2025,20.00
4906,1,2019,29/03/2025,30.00
4906,2,2019,29/03/2025,30.00
4906,3,2019,29/03/2025,30.00
4906,4,2019,29/03/2025,30.00
4906,5,2019,29/03/2025,30.00
4906,6,2019,29/03/2025,30.00
4906,7,2019,29/03/2025,30.00
4906,8,2019,29/03/2025,30.00
4906,9,2019,29/03/2025,30.00
4906,11,2019,29/03/2025,30.00
4906,12,2019,29/03/2025,30.00
4906,10,2019,29/03/2025,30.00
4906,1,2020,29/03/2025,50.00
4906,2,2020,29/03/2025,50.00
4906,3,2020,29/03/2025,50.00
4906,4,2020,29/03/2025,50.00
4906,5,2020,29/03/2025,50.00
4906,6,2020,29/03/2025,50.00
4906,7,2020,29/03/2025,50.00
4906,8,2020,29/03/2025,50.00
4906,9,2020,29/03/2025,50.00
4906,10,2020,29/03/2025,50.00
4906,11,2020,29/03/2025,50.00
4906,12,2020,29/03/2025,50.00
4906,1,2021,29/03/2025,80.00
4906,2,2021,29/03/2025,80.00
4906,3,2021,29/03/2025,80.00
4906,4,2021,29/03/2025,80.00
4906,5,2021,29/03/2025,80.00
4906,6,2021,29/03/2025,80.00
4906,7,2021,29/03/2025,80.00
4906,8,2021,29/03/2025,80.00
4906,9,2021,29/03/2025,80.00
4906,10,2021,29/03/2025,80.00
4906,11,2021,29/03/2025,80.00
4906,12,2021,29/03/2025,80.00
4906,1,2022,29/03/2025,100.00
4906,2,2022,29/03/2025,100.00
4906,3,2022,29/03/2025,100.00
4906,4,2022,29/03/2025,100.00
4906,5,2022,29/03/2025,100.00
4906,6,2022,29/03/2025,100.00
4906,7,2022,29/03/2025,100.00
4906,8,2022,29/03/2025,100.00
4906,9,2022,29/03/2025,100.00
4906,10,2022,29/03/2025,100.00
4906,11,2022,29/03/2025,100.00
4906,12,2022,29/03/2025,100.00
4906,1,2023,29/03/2025,200.00
4906,2,2023,29/03/2025,200.00
4906,3,2023,29/03/2025,200.00
4906,4,2023,29/03/2025,200.00
4906,5,2023,29/03/2025,200.00
4906,6,2023,29/03/2025,200.00
4906,7,2023,29/03/2025,200.00
4906,8,2023,29/03/2025,200.00
4906,9,2023,29/03/2025,200.00
4906,10,2023,29/03/2025,200.00
4906,11,2023,29/03/2025,200.00
4906,12,2023,29/03/2025,200.00
4906,1,2024,29/03/2025,300.00
4906,2,2024,29/03/2025,300.00
4906,3,2024,29/03/2025,300.00
4906,4,2024,29/03/2025,300.00
4906,5,2024,29/03/2025,300.00
4906,6,2024,29/03/2025,300.00
4906,7,2024,29/03/2025,300.00
4906,8,2024,29/03/2025,300.00
4906,9,2024,29/03/2025,300.00
4906,10,2024,29/03/2025,300.00
4906,11,2024,29/03/2025,300.00
4906,12,2024,29/03/2025,300.00
4906,1,2025,29/03/2025,600.00
4906,2,2025,29/03/2025,600.00
4906,3,2025,29/03/2025,600.00
